  350 0.565 1.000 0.565
  351 0.568 1.000 0.568
  352 0.572 1.000 0.572
  353 0.575 1.000 0.575
  354 0.578 1.000 0.578
  355 0.581 1.000 0.581
  356 0.584 1.000 0.584
  357 0.587 1.000 0.587
  358 0.590 1.000 0.590
  359 0.593 1.000 0.593
  360 0.596 1.000 0.596
  361 0.600 1.000 0.600
  362 0.603 1.000 0.603
  363 0.606 1.000 0.606
  364 0.610 1.000 0.610
  365 0.613 1.000 0.613
  366 0.616 1.000 0.616
  367 0.619 1.000 0.619
  368 0.623 1.000 0.623
  369 0.626 1.000 0.626
  370 0.629 1.000 0.629
  371 0.632 1.000 0.632
  372 0.636 1.000 0.636
  373 0.639 1.000 0.639
  374 0.642 1.000 0.642
  375 0.645 1.000 0.645
  376 0.648 1.000 0.648
  377 0.651 1.000 0.651
  378 0.654 1.000 0.654
  379 0.657 1.000 0.657
  380 0.660 1.000 0.660
  381 0.663 1.000 0.663
  382 0.666 1.000 0.666
  383 0.668 1.000 0.668
  384 0.671 1.000 0.671
  385 0.673 1.000 0.673
  386 0.676 1.000 0.676
  387 0.678 1.000 0.678
  388 0.681 1.000 0.681
  389 0.683 1.000 0.683
  390 0.685 1.000 0.685
  391 0.687 1.000 0.687
  392 0.688 1.000 0.688
  393 0.690 1.000 0.690
  394 0.691 1.000 0.691
  395 0.693 1.000 0.693
  396 0.694 1.000 0.694
  397 0.695 1.000 0.695
  398 0.697 1.000 0.697
  399 0.698 1.000 0.698
  400 0.700 1.000 0.700
  401 0.701 1.000 0.701
  402 0.703 1.000 0.703
  403 0.705 1.000 0.705
  404 0.706 1.000 0.706
  405 0.708 1.000 0.708
  406 0.710 1.000 0.710
  407 0.712 1.000 0.712
  408 0.714 1.000 0.714
  409 0.716 1.000 0.716
  410 0.718 1.000 0.718
  411 0.720 1.000 0.720
  412 0.722 1.000 0.722
  413 0.724 1.000 0.724
  414 0.726 1.000 0.726
  415 0.728 1.000 0.728
  416 0.730 1.000 0.730
  417 0.732 1.000 0.732
  418 0.734 1.000 0.734
  419 0.737 1.000 0.737
  420 0.739 1.000 0.739
  421 0.741 1.000 0.741
  422 0.743 1.000 0.743
  423 0.745 1.000 0.745
  424 0.747 1.000 0.747
  425 0.749 1.000 0.749
  426 0.751 1.000 0.751
  427 0.753 1.000 0.753
  428 0.754 1.000 0.754
  429 0.756 1.000 0.756
  430 0.758 1.000 0.758
  431 0.759 1.000 0.759
  432 0.761 1.000 0.761
  433 0.762 1.000 0.762
  434 0.764 1.000 0.764
  435 0.765 1.000 0.765
  436 0.766 1.000 0.766
  437 0.768 1.000 0.768
  438 0.769 1.000 0.769
  439 0.770 1.000 0.770
  440 0.771 1.000 0.771
  441 0.773 1.000 0.773
  442 0.774 1.000 0.774
  443 0.775 1.000 0.775
  444 0.777 1.000 0.777
  445 0.778 1.000 0.778
  446 0.779 1.000 0.779
  447 0.781 1.000 0.781
  448 0.782 1.000 0.782
  449 0.784 1.000 0.784
  450 0.785 1.000 0.785
  451 0.786 1.000 0.786
  452 0.788 1.000 0.788
  453 0.789 1.000 0.789
  454 0.790 1.000 0.790
  455 0.792 1.000 0.792
  456 0.793 1.000 0.793
  457 0.794 1.000 0.794
  458 0.796 1.000 0.796
  459 0.797 1.000 0.797
  460 0.798 1.000 0.798
  461 0.799 1.000 0.799
  462 0.800 1.000 0.800
  463 0.801 1.000 0.801
  464 0.802 1.000 0.802
  465 0.803 1.000 0.803
  466 0.804 1.000 0.804
  467 0.805 1.000 0.805
  468 0.806 1.000 0.806
  469 0.807 1.000 0.807
  470 0.808 1.000 0.808
  471 0.809 1.000 0.809
  472 0.810 1.000 0.810
  473 0.811 1.000 0.811
  474 0.812 1.000 0.812
  475 0.813 1.000 0.813
  476 0.814 1.000 0.814
  477 0.815 1.000 0.815
  478 0.816 1.000 0.816
  479 0.817 1.000 0.817
  480 0.818 1.000 0.818
  481 0.819 1.000 0.819
  482 0.820 1.000 0.820
  483 0.821 1.000 0.821
  484 0.822 1.000 0.822
  485 0.823 1.000 0.823
  486 0.824 1.000 0.824
  487 0.826 1.000 0.826
  488 0.827 1.000 0.827
  489 0.828 1.000 0.828
  490 0.829 1.000 0.829
  491 0.830 1.000 0.830
  492 0.831 1.000 0.831
  493 0.832 1.000 0.832
  494 0.833 1.000 0.833
  495 0.834 1.000 0.834
  496 0.835 1.000 0.835
  497 0.836 1.000 0.836
  498 0.838 1.000 0.838
  499 0.839 1.000 0.839
  500 0.839 1.000 0.839
  501 0.840 1.000 0.840
  502 0.841 1.000 0.841
  503 0.842 1.000 0.842
  504 0.842 1.000 0.842
  505 0.843 1.000 0.843
  506 0.843 1.000 0.843
  507 0.844 1.000 0.844
  508 0.845 1.000 0.845
  509 0.845 1.000 0.845
  510 0.846 1.000 0.846
  511 0.846 1.000 0.846
  512 0.847 1.000 0.847
  513 0.847 1.000 0.847
  514 0.848 1.000 0.848
  515 0.848 1.000 0.848
  516 0.849 1.000 0.849
  517 0.849 1.000 0.849
  518 0.850 1.000 0.850
  519 0.851 1.000 0.851
  520 0.851 1.000 0.851
  521 0.852 1.000 0.852
  522 0.852 1.000 0.852
  523 0.853 1.000 0.853
  524 0.854 1.000 0.854
  525 0.855 1.000 0.855
  526 0.855 1.000 0.855
  527 0.856 1.000 0.856
  528 0.857 1.000 0.857
  529 0.857 1.000 0.857
  530 0.858 1.000 0.858
  531 0.859 1.000 0.859
  532 0.860 1.000 0.860
  533 0.861 1.000 0.861
  534 0.861 1.000 0.861
  535 0.862 1.000 0.862
  536 0.863 1.000 0.863
  537 0.864 1.000 0.864
  538 0.865 1.000 0.865
  539 0.865 1.000 0.865
  540 0.866 1.000 0.866
  541 0.867 1.000 0.867
  542 0.868 1.000 0.868
  543 0.869 1.000 0.869
  544 0.870 1.000 0.870
  545 0.871 1.000 0.871
  546 0.871 1.000 0.871
  547 0.872 1.000 0.872
  548 0.873 1.000 0.873
  549 0.874 1.000 0.874
  550 0.874 1.000 0.874
  551 0.875 1.000 0.875
  552 0.875 1.000 0.875
  553 0.876 1.000 0.876
  554 0.876 1.000 0.876
  555 0.876 1.000 0.876
  556 0.876 1.000 0.876
  557 0.877 1.000 0.877
  558 0.877 1.000 0.877
  559 0.877 1.000 0.877
  560 0.877 1.000 0.877
  561 0.876 1.000 0.876
  562 0.876 1.000 0.876
  563 0.875 1.000 0.875
  564 0.875 1.000 0.875
  565 0.874 1.000 0.874
  566 0.874 1.000 0.874
  567 0.873 1.000 0.873
  568 0.872 1.000 0.872
  569 0.872 1.000 0.872
  570 0.871 1.000 0.871
  571 0.870 1.000 0.870
  572 0.870 1.000 0.870
  573 0.869 1.000 0.869
  574 0.868 1.000 0.868
  575 0.868 1.000 0.868
  576 0.867 1.000 0.867
  577 0.867 1.000 0.867
  578 0.866 1.000 0.866
  579 0.866 1.000 0.866
  580 0.865 1.000 0.865
  581 0.865 1.000 0.865
  582 0.865 1.000 0.865
  583 0.865 1.000 0.865
  584 0.865 1.000 0.865
  585 0.865 1.000 0.865
  586 0.865 1.000 0.865
  587 0.865 1.000 0.865
  588 0.865 1.000 0.865
  589 0.865 1.000 0.865
  590 0.865 1.000 0.865
  591 0.866 1.000 0.866
  592 0.866 1.000 0.866
  593 0.866 1.000 0.866
  594 0.866 1.000 0.866
  595 0.867 1.000 0.867
  596 0.867 1.000 0.867
  597 0.867 1.000 0.867
  598 0.868 1.000 0.868
  599 0.868 1.000 0.868
  600 0.869 1.000 0.869
  601 0.869 1.000 0.869
  602 0.870 1.000 0.870
  603 0.870 1.000 0.870
  604 0.871 1.000 0.871
  605 0.871 1.000 0.871
  606 0.872 1.000 0.872
  607 0.873 1.000 0.873
  608 0.874 1.000 0.874
  609 0.874 1.000 0.874
  610 0.875 1.000 0.875
  611 0.876 1.000 0.876
  612 0.876 1.000 0.876
  613 0.877 1.000 0.877
  614 0.878 1.000 0.878
  615 0.879 1.000 0.879
  616 0.880 1.000 0.880
  617 0.881 1.000 0.881
  618 0.881 1.000 0.881
  619 0.882 1.000 0.882
  620 0.883 1.000 0.883
  621 0.884 1.000 0.884
  622 0.885 1.000 0.885
  623 0.886 1.000 0.886
  624 0.887 1.000 0.887
  625 0.888 1.000 0.888
  626 0.888 1.000 0.888
  627 0.889 1.000 0.889
  628 0.890 1.000 0.890
  629 0.891 1.000 0.891
  630 0.892 1.000 0.892
  631 0.893 1.000 0.893
  632 0.894 1.000 0.894
  633 0.895 1.000 0.895
  634 0.895 1.000 0.895
  635 0.896 1.000 0.896
  636 0.897 1.000 0.897
  637 0.898 1.000 0.898
  638 0.899 1.000 0.899
  639 0.899 1.000 0.899
  640 0.900 1.000 0.900
  641 0.901 1.000 0.901
  642 0.902 1.000 0.902
  643 0.903 1.000 0.903
  644 0.904 1.000 0.904
  645 0.905 1.000 0.905
  646 0.906 1.000 0.906
  647 0.907 1.000 0.907
  648 0.908 1.000 0.908
  649 0.909 1.000 0.909
  650 0.909 1.000 0.909
  651 0.910 1.000 0.910
  652 0.911 1.000 0.911
  653 0.912 1.000 0.912
  654 0.913 1.000 0.913
  655 0.914 1.000 0.914
  656 0.915 1.000 0.915
  657 0.916 1.000 0.916
  658 0.917 1.000 0.917
  659 0.918 1.000 0.918
  660 0.919 1.000 0.919
  661 0.920 1.000 0.920
  662 0.921 1.000 0.921
  663 0.922 1.000 0.922
  664 0.923 1.000 0.923
  665 0.923 1.000 0.923
  666 0.924 1.000 0.924
  667 0.925 1.000 0.925
  668 0.926 1.000 0.926
  669 0.927 1.000 0.927
  670 0.928 1.000 0.928
  671 0.929 1.000 0.929
  672 0.930 1.000 0.930
  673 0.931 1.000 0.931
  674 0.932 1.002 0.934
  675 0.933 1.006 0.939
  676 0.934 1.002 0.935
  677 0.935 1.001 0.936
  678 0.935 1.001 0.936
  679 0.936 1.001 0.937
  680 0.937 1.001 0.938
  681 0.937 1.001 0.938
  682 0.937 1.002 0.939
  683 0.937 1.003 0.940
  684 0.937 1.003 0.941
  685 0.938 0.994 0.932
  686 0.938 0.929 0.871
  687 0.938 0.866 0.812
  688 0.938 0.864 0.811
  689 0.938 0.881 0.826
  690 0.938 0.905 0.849
  691 0.938 0.935 0.877
  692 0.938 0.959 0.899
  693 0.938 0.972 0.912
  694 0.938 0.978 0.918
  695 0.938 0.983 0.923
  696 0.939 0.990 0.929
  697 0.939 0.995 0.934
  698 0.939 0.995 0.935
  699 0.939 0.992 0.932
  700 0.939 0.990 0.930
  701 0.939 0.991 0.931
  702 0.939 0.992 0.932
  703 0.940 0.993 0.933
  704 0.940 0.994 0.934
  705 0.940 0.994 0.934
  706 0.940 0.994 0.934
  707 0.940 0.995 0.935
  708 0.940 0.997 0.937
  709 0.940 0.998 0.938
  710 0.940 0.998 0.938
  711 0.940 0.997 0.938
  712 0.941 0.997 0.937
  713 0.941 0.996 0.937
  714 0.941 0.995 0.937
  715 0.941 0.992 0.934
  716 0.942 0.978 0.921
  717 0.942 0.954 0.898
  718 0.942 0.930 0.877
  719 0.942 0.919 0.866
  720 0.943 0.929 0.876
  721 0.943 0.951 0.896
  722 0.943 0.969 0.914
  723 0.944 0.954 0.900
  724 0.944 0.941 0.888
  725 0.944 0.942 0.889
  726 0.944 0.945 0.893
  727 0.945 0.948 0.896
  728 0.945 0.951 0.898
  729 0.945 0.953 0.901
  730 0.945 0.958 0.905
  731 0.946 0.963 0.910
  732 0.946 0.971 0.918
  733 0.946 0.981 0.928
  734 0.946 0.985 0.933
  735 0.947 0.986 0.934
  736 0.947 0.987 0.935
  737 0.947 0.988 0.936
  738 0.947 0.990 0.938
  739 0.948 0.992 0.940
  740 0.948 0.993 0.941
  741 0.948 0.994 0.942
  742 0.949 0.994 0.942
  743 0.949 0.994 0.943
  744 0.949 0.994 0.943
  745 0.949 0.994 0.943
  746 0.950 0.994 0.943
  747 0.950 0.993 0.943
  748 0.950 0.993 0.944
  749 0.950 0.996 0.946
  750 0.951 0.997 0.948
  751 0.951 0.997 0.948
  752 0.951 0.997 0.948
  753 0.951 0.996 0.948
  754 0.952 0.996 0.948
  755 0.952 0.997 0.949
  756 0.952 1.002 0.954
  757 0.952 0.998 0.951
  758 0.953 0.945 0.900
  759 0.953 0.791 0.754
  760 0.953 0.511 0.487
  761 0.953 0.447 0.427
  762 0.954 0.561 0.535
  763 0.954 0.570 0.544
  764 0.954 0.613 0.585
  765 0.954 0.719 0.686
  766 0.954 0.821 0.784
  767 0.955 0.902 0.861
  768 0.955 0.949 0.906
  769 0.955 0.975 0.931
  770 0.955 0.987 0.943
  771 0.955 0.994 0.950
  772 0.955 0.998 0.953
  773 0.955 1.000 0.955
  774 0.956 1.001 0.956
  775 0.956 0.999 0.955
  776 0.956 0.991 0.947
  777 0.956 0.984 0.941
  778 0.956 0.982 0.938
  779 0.956 0.993 0.950
  780 0.956 1.002 0.958
  781 0.956 1.003 0.959
  782 0.956 1.003 0.958
  783 0.955 1.003 0.958
  784 0.955 1.003 0.958
  785 0.955 1.002 0.957
  786 0.955 1.001 0.956
  787 0.955 0.998 0.953
  788 0.955 0.995 0.950
  789 0.954 0.992 0.947
  790 0.954 0.993 0.948
  791 0.954 0.996 0.950
  792 0.954 0.998 0.952
  793 0.954 0.999 0.953
  794 0.954 1.000 0.954
  795 0.954 0.998 0.952
  796 0.954 0.998 0.951
  797 0.953 1.000 0.953
  798 0.953 1.001 0.954
  799 0.953 1.001 0.954
  800 0.953 0.999 0.952
  801 0.953 0.998 0.951
  802 0.953 0.999 0.952
  803 0.953 1.000 0.952
  804 0.953 1.001 0.953
  805 0.953 1.003 0.955
  806 0.953 1.003 0.955
  807 0.953 1.002 0.954
  808 0.952 1.000 0.953
  809 0.952 1.000 0.952
  810 0.952 0.998 0.951
  811 0.952 0.995 0.948
  812 0.952 0.987 0.941
  813 0.953 0.974 0.928
  814 0.953 0.959 0.913
  815 0.953 0.943 0.898
  816 0.953 0.930 0.886
  817 0.953 0.926 0.883
  818 0.953 0.932 0.889
  819 0.953 0.942 0.897
  820 0.953 0.954 0.910
  821 0.953 0.964 0.919
  822 0.953 0.938 0.894
  823 0.953 0.918 0.876
  824 0.953 0.947 0.903
  825 0.954 0.969 0.924
  826 0.954 0.974 0.929
  827 0.954 0.966 0.921
  828 0.954 0.959 0.915
  829 0.954 0.960 0.915
  830 0.954 0.966 0.922
  831 0.954 0.972 0.928
  832 0.954 0.972 0.928
  833 0.955 0.976 0.932
  834 0.955 0.984 0.939
  835 0.955 0.989 0.945
  836 0.955 0.993 0.948
  837 0.956 0.994 0.950
  838 0.956 0.996 0.952
  839 0.956 0.998 0.954
  840 0.957 0.999 0.956
  841 0.957 1.000 0.957
  842 0.958 1.000 0.958
  843 0.958 1.000 0.958
  844 0.959 1.000 0.959
  845 0.959 1.001 0.960
  846 0.960 1.001 0.960
  847 0.960 1.000 0.960
  848 0.961 1.000 0.961
  849 0.961 1.000 0.961
  850 0.962 0.999 0.961
  851 0.963 0.998 0.961
  852 0.963 0.997 0.960
  853 0.964 0.996 0.959
  854 0.964 0.995 0.959
  855 0.965 0.995 0.959
  856 0.965 0.995 0.960
  857 0.966 0.996 0.962
  858 0.966 0.997 0.964
  859 0.967 0.999 0.965
  860 0.967 0.999 0.967
  861 0.968 0.999 0.967
  862 0.969 0.999 0.968
  863 0.969 0.999 0.968
  864 0.970 0.998 0.968
  865 0.971 0.998 0.969
  866 0.971 0.998 0.969
  867 0.972 0.999 0.971
  868 0.972 1.000 0.972
  869 0.972 1.000 0.972
  870 0.973 1.000 0.973
  871 0.973 1.000 0.973
  872 0.973 0.998 0.971
  873 0.973 0.996 0.969
  874 0.972 0.994 0.967
  875 0.972 0.994 0.967
  876 0.972 0.995 0.967
  877 0.972 0.995 0.967
  878 0.972 0.996 0.968
  879 0.971 0.997 0.969
  880 0.971 0.998 0.969
  881 0.971 0.996 0.967
  882 0.971 0.994 0.964
  883 0.970 0.991 0.961
  884 0.970 0.988 0.959
  885 0.970 0.987 0.958
  886 0.970 0.987 0.957
  887 0.970 0.987 0.957
  888 0.970 0.988 0.958
  889 0.969 0.989 0.959
  890 0.969 0.989 0.959
  891 0.969 0.986 0.955
  892 0.969 0.980 0.950
  893 0.969 0.973 0.942
  894 0.968 0.964 0.934
  895 0.968 0.954 0.923
  896 0.968 0.941 0.911
  897 0.968 0.924 0.894
  898 0.968 0.907 0.878
  899 0.968 0.897 0.868
  900 0.967 0.893 0.864
  901 0.967 0.896 0.866
  902 0.967 0.907 0.877
  903 0.967 0.926 0.896
  904 0.967 0.950 0.918
  905 0.966 0.954 0.922
  906 0.966 0.939 0.908
  907 0.966 0.910 0.879
  908 0.966 0.894 0.863
  909 0.966 0.898 0.867
  910 0.966 0.905 0.874
  911 0.965 0.910 0.878
  912 0.965 0.908 0.876
  913 0.965 0.903 0.871
  914 0.965 0.897 0.866
  915 0.965 0.892 0.861
  916 0.965 0.898 0.866
  917 0.964 0.915 0.883
  918 0.964 0.924 0.891
  919 0.964 0.933 0.899
  920 0.964 0.947 0.913
  921 0.964 0.955 0.920
  922 0.963 0.954 0.919
  923 0.963 0.953 0.918
  924 0.963 0.952 0.917
  925 0.963 0.949 0.914
  926 0.963 0.940 0.905
  927 0.963 0.925 0.891
  928 0.962 0.907 0.873
  929 0.962 0.870 0.837
  930 0.962 0.816 0.785
  931 0.962 0.746 0.718
  932 0.962 0.682 0.656
  933 0.962 0.635 0.610
  934 0.961 0.607 0.583
  935 0.961 0.602 0.579
  936 0.961 0.623 0.599
  937 0.961 0.642 0.617
  938 0.961 0.668 0.642
  939 0.960 0.749 0.720
  940 0.960 0.797 0.765
  941 0.960 0.781 0.750
  942 0.960 0.743 0.713
  943 0.960 0.707 0.679
  944 0.960 0.695 0.667
  945 0.959 0.700 0.672
  946 0.959 0.715 0.686
  947 0.959 0.727 0.698
  948 0.959 0.732 0.701
  949 0.959 0.729 0.699
  950 0.959 0.745 0.714
  951 0.958 0.763 0.731
  952 0.958 0.764 0.732
  953 0.958 0.764 0.731
  954 0.958 0.769 0.737
  955 0.958 0.795 0.761
  956 0.957 0.808 0.774
  957 0.957 0.801 0.767
  958 0.957 0.797 0.763
  959 0.957 0.801 0.767
  960 0.957 0.817 0.781
  961 0.957 0.825 0.789
  962 0.956 0.827 0.791
  963 0.956 0.836 0.800
  964 0.956 0.840 0.803
  965 0.956 0.839 0.802
  966 0.956 0.858 0.820
  967 0.956 0.885 0.845
  968 0.955 0.907 0.866
  969 0.955 0.920 0.879
  970 0.955 0.925 0.883
  971 0.955 0.920 0.878
  972 0.954 0.911 0.869
  973 0.954 0.900 0.859
  974 0.954 0.891 0.850
  975 0.954 0.886 0.845
  976 0.954 0.891 0.850
  977 0.953 0.903 0.861
  978 0.953 0.916 0.873
  979 0.953 0.912 0.869
  980 0.953 0.913 0.870
  981 0.953 0.926 0.883
  982 0.954 0.937 0.894
  983 0.954 0.944 0.901
  984 0.954 0.946 0.903
  985 0.954 0.953 0.910
  986 0.955 0.962 0.919
  987 0.955 0.957 0.914
  988 0.956 0.955 0.912
  989 0.956 0.960 0.918
  990 0.957 0.962 0.921
  991 0.957 0.965 0.924
  992 0.958 0.971 0.930
  993 0.958 0.970 0.930
  994 0.959 0.966 0.926
  995 0.960 0.971 0.931
  996 0.960 0.976 0.938
  997 0.961 0.980 0.941
  998 0.962 0.980 0.943
  999 0.962 0.980 0.943
 1000 0.963 0.979 0.943
 1001 0.964 0.984 0.949
 1002 0.964 0.992 0.956
 1003 0.965 0.991 0.956
 1004 0.965 0.989 0.955
 1005 0.966 0.989 0.955
 1006 0.967 0.990 0.957
 1007 0.967 0.991 0.959
 1008 0.968 0.994 0.962
 1009 0.969 0.998 0.966
 1010 0.969 0.999 0.968
 1011 0.970 0.990 0.960
 1012 0.971 0.983 0.954
 1013 0.971 0.982 0.954
 1014 0.972 0.992 0.964
 1015 0.972 0.999 0.972
 1016 0.973 0.993 0.967
 1017 0.974 0.992 0.966
 1018 0.974 0.997 0.972
 1019 0.975 0.999 0.974
 1020 0.975 1.000 0.976
 1021 0.976 1.000 0.976
 1022 0.976 1.001 0.977
 1023 0.977 1.001 0.978
 1024 0.977 1.000 0.978
 1025 0.978 1.000 0.977
 1026 0.978 0.999 0.977
 1027 0.978 0.998 0.977
 1028 0.979 1.000 0.978
 1029 0.979 1.001 0.980
 1030 0.979 0.985 0.964
 1031 0.979 0.975 0.954
 1032 0.979 0.993 0.972
 1033 0.979 1.002 0.981
 1034 0.979 1.000 0.979
 1035 0.979 1.000 0.979
 1036 0.979 1.000 0.979
 1037 0.979 1.000 0.979
 1038 0.978 1.000 0.978
 1039 0.978 1.000 0.978
 1040 0.978 1.000 0.978
 1041 0.978 1.000 0.978
 1042 0.978 1.000 0.978
 1043 0.978 1.000 0.978
 1044 0.978 1.000 0.978
 1045 0.978 1.000 0.978
 1046 0.978 1.000 0.978
 1047 0.978 1.000 0.978
 1048 0.977 1.000 0.977
 1049 0.977 1.000 0.977
 1050 0.977 1.000 0.977
 1051 0.977 1.000 0.977
 1052 0.977 1.000 0.977
 1053 0.977 1.000 0.977
 1054 0.977 1.000 0.977
 1055 0.977 1.000 0.977
 1056 0.977 1.000 0.977
 1057 0.977 1.000 0.977
 1058 0.977 1.000 0.977
 1059 0.976 1.000 0.976
 1060 0.976 1.000 0.976
 1061 0.976 1.000 0.976
 1062 0.976 1.000 0.976
 1063 0.976 1.000 0.976
 1064 0.976 1.000 0.976
 1065 0.976 1.000 0.976
 1066 0.976 1.000 0.976
 1067 0.976 1.000 0.976
 1068 0.976 1.000 0.976
 1069 0.976 1.000 0.976
 1070 0.975 1.000 0.975
 1071 0.975 1.000 0.975
 1072 0.975 1.000 0.975
 1073 0.975 1.000 0.975
 1074 0.975 1.000 0.975
 1075 0.975 1.000 0.975
 1076 0.975 1.000 0.975
 1077 0.975 1.000 0.975
 1078 0.974 1.000 0.974
 1079 0.974 1.000 0.974
 1080 0.974 1.000 0.974
 1081 0.973 1.000 0.973
 1082 0.972 1.000 0.972
 1083 0.971 1.000 0.971
 1084 0.970 1.000 0.970
 1085 0.969 1.000 0.969
 1086 0.968 1.000 0.968
 1087 0.967 1.000 0.967
 1088 0.966 1.000 0.966
 1089 0.965 1.000 0.965
 1090 0.964 1.000 0.964
 1091 0.963 1.000 0.963
 1092 0.963 1.000 0.963
 1093 0.963 1.000 0.963
 1094 0.963 1.000 0.963
 1095 0.963 1.000 0.963
 1096 0.963 1.000 0.963
 1097 0.963 1.000 0.963
 1098 0.963 1.000 0.963
 1099 0.963 1.000 0.963
 1100 0.964 1.000 0.964
