#wave(A) trans
3656 0.00321345
3657 0.00336855
3658 0.00297287
3659 0.00314894
3660 0.00328732
3661 0.00302879
3661 0.00302879
3662 0.00305509
3663 0.00313413
3664 0.00321628
3665 0.00303399
3666 0.00295137
3667 0.0032405
3667 0.0032405
3668 0.00287278
3669 0.00288216
3670 0.00259691
3671 0.00297548
3672 0.00296167
3672 0.00296167
3673 0.00282505
3674 0.0026626
3675 0.00305366
3676 0.00282884
3677 0.00299681
3677 0.00299681
3678 0.00312393
3679 0.00306206
3680 0.00284584
3681 0.0030848
3682 0.00288372
3682 0.00288372
3683 0.00307738
3684 0.00282011
3685 0.00309385
3686 0.00281838
3687 0.00300084
3688 0.00287955
3688 0.00287955
3689 0.00293365
3690 0.00281022
3691 0.00275589
3692 0.00279226
3693 0.00281265
3693 0.00281265
3694 0.00310163
3695 0.00297761
3696 0.00283076
3697 0.00274733
3698 0.00284375
3698 0.00284375
3699 0.00330098
3700 0.00262047
3701 0.00287856
3702 0.00266511
3703 0.00262516
3704 0.00260303
3704 0.00260303
3705 0.00275354
3706 0.00271404
3707 0.00282087
3708 0.00261251
3709 0.00272524
3709 0.00272524
3710 0.00272659
3711 0.00308002
3712 0.00273494
3713 0.00284806
3714 0.00278207
3714 0.00278207
3715 0.00296419
3716 0.00291929
3717 0.00266728
3718 0.00274287
3719 0.00267989
3719 0.00267989
3720 0.00261256
3721 0.00293277
3722 0.00251764
3723 0.00279575
3724 0.00264832
3724 0.00264832
3725 0.00263198
3726 0.00261377
3727 0.00249157
3728 0.00281888
3729 0.00254358
3730 0.00270097
3730 0.00270097
3731 0.00258951
3732 0.0029174
3733 0.00271391
3734 0.00257426
3735 0.00254526
3735 0.00254526
3736 0.00255934
3737 0.00265671
3738 0.0025273
3739 0.00222687
3740 0.00261413
3740 0.00261413
3741 0.00237641
3742 0.00259068
3743 0.00261393
3744 0.00267162
3745 0.002601
3745 0.002601
3746 0.0025815
3747 0.0024135
3748 0.0026241
3749 0.00271575
3750 0.00247709
3750 0.00247709
3751 0.00233485
3752 0.00260843
3753 0.00250337
3754 0.00249036
3755 0.0025753
3756 0.00242916
3756 0.00242916
3757 0.00226356
3758 0.00233341
3759 0.00248418
3760 0.00252215
3761 0.00241078
3761 0.00241078
3762 0.00243579
3763 0.00226836
3764 0.00254632
3765 0.00235145
3766 0.00228652
3766 0.00228652
3767 0.00238988
3768 0.00242239
3769 0.00233276
3770 0.00234521
3771 0.00225076
3771 0.00225076
3772 0.00217243
3773 0.00250559
3774 0.00234692
3775 0.00242828
3776 0.00238958
3776 0.00238958
3777 0.00240998
3778 0.00220976
3779 0.00239696
3780 0.00238322
3781 0.00217472
3781 0.00217472
3782 0.00245348
3783 0.00233794
3784 0.00234363
3785 0.00225836
3786 0.00232883
3786 0.00232883
3787 0.00210749
3788 0.00222421
3789 0.00238638
3790 0.00227843
3791 0.00222276
3791 0.00222276
3792 0.00224032
3793 0.00216065
3794 0.0022847
3795 0.00221413
3796 0.00222438
3796 0.00222438
3797 0.00231232
3798 0.00227792
3799 0.00212391
3800 0.00221899
3801 0.00225433
3801 0.00225433
3802 0.00204632
3803 0.00223757
3804 0.00199354
3805 0.00224022
3806 0.00216687
3806 0.00216687
3807 0.00219627
3808 0.00217214
3809 0.00205504
3810 0.00202281
3811 0.00203843
3812 0.00218819
3812 0.00218819
3813 0.00209522
3814 0.00228458
3815 0.0020757
3816 0.00237364
3817 0.00208426
3817 0.00208426
3818 0.00215406
3819 0.00209193
3820 0.00191428
3821 0.00201788
3822 0.00194951
3822 0.00194951
3823 0.00222775
3824 0.00220642
3825 0.00217543
3826 0.00189433
3827 0.00218713
3827 0.00218713
3828 0.00175054
3829 0.00203289
3830 0.00198683
3831 0.00211904
3832 0.00210259
3832 0.00210259
3833 0.00204719
3834 0.00208221
3835 0.00194288
3836 0.00180126
3837 0.00208723
3837 0.00208723
3838 0.00193216
3839 0.00178717
3840 0.00198567
3841 0.00192704
3842 0.00200084
3842 0.00200084
3843 0.00194585
3844 0.00203409
3845 0.00190828
3846 0.00212929
3846 0.00212929
3847 0.00195015
3848 0.00196904
3849 0.00192503
3850 0.00198914
3851 0.00193896
3851 0.00193896
3852 0.00202936
3853 0.00180836
3854 0.00192424
3855 0.0019489
3856 0.00190096
3856 0.00190096
3857 0.0018736
3858 0.00188795
3859 0.00194243
3860 0.00174617
3861 0.00192464
3861 0.00192464
3862 0.00188391
3863 0.0019488
3864 0.00192502
3865 0.0018687
3866 0.00182468
3866 0.00182468
3867 0.00191376
3868 0.00194849
3869 0.00199644
3870 0.00192572
3871 0.0018232
3871 0.0018232
3872 0.0017743
3873 0.0018792
3874 0.00179259
3875 0.00196079
3876 0.00186432
3876 0.00186432
3877 0.00189573
3878 0.00198298
3879 0.00182377
3880 0.00194292
3881 0.00187682
3881 0.00187682
3882 0.00180502
3883 0.00191891
3884 0.00195486
3885 0.00191655
3886 0.00177338
3886 0.00177338
3887 0.0018871
3888 0.00195694
3889 0.00200224
3890 0.00194378
3891 0.0019258
3891 0.0019258
3892 0.0018377
3893 0.00182304
3894 0.00194121
3895 0.00188824
3895 0.00188824
3896 0.00177605
3897 0.00173338
3898 0.00190296
3899 0.00189147
3900 0.0017745
3900 0.0017745
3901 0.00173477
3902 0.00189784
3903 0.00171753
3904 0.00197538
3905 0.00174496
3905 0.00174496
3906 0.00182532
3907 0.00190354
3908 0.00168915
3909 0.00183653
3910 0.00183557
3910 0.00183557
3911 0.00178472
3912 0.00181425
3913 0.0017565
3914 0.00180123
3915 0.00182917
3915 0.00182917
3916 0.00180795
3917 0.00176826
3918 0.00176382
3919 0.0017869
3919 0.0017869
3920 0.00180463
3921 0.00177141
3922 0.0018638
3923 0.001835
3924 0.00182745
3924 0.00182745
3925 0.00174937
3926 0.00178347
3927 0.00175789
3928 0.00180807
3929 0.00179025
3929 0.00179025
3930 0.00166176
3931 0.00180354
3932 0.00167955
3933 0.00185996
3934 0.00179531
3934 0.00179531
3935 0.00183097
3936 0.00172826
3937 0.00180608
3938 0.00178412
3938 0.00178412
3939 0.00179602
3940 0.00186105
3941 0.00177279
3942 0.00170099
3943 0.00182444
3943 0.00182444
3944 0.00181136
3945 0.00181051
3946 0.00174761
3947 0.00172368
3948 0.00176468
3948 0.00176468
3949 0.00165803
3950 0.00176147
3951 0.00171586
3952 0.00176161
3952 0.00176161
3953 0.00173466
3954 0.00177907
3955 0.00183144
3956 0.00176588
3957 0.00174088
3957 0.00174088
3958 0.00171349
3959 0.00177844
3960 0.00175519
3961 0.0018609
3962 0.00177022
3962 0.00177022
3963 0.00182318
3964 0.00181762
3965 0.00175374
3966 0.00174552
3966 0.00174552
3967 0.00179822
3968 0.00176522
3969 0.0018422
3970 0.00184297
3971 0.00183472
3971 0.00183472
3972 0.00178729
3973 0.00168843
3974 0.00192095
3975 0.00168561
3976 0.0017845
3976 0.0017845
3977 0.00184552
3978 0.00187431
3979 0.00192485
3980 0.00184035
3980 0.00184035
3981 0.00183681
3982 0.0019431
3983 0.00187924
3984 0.00178163
3985 0.00188841
3985 0.00188841
3986 0.00176086
3987 0.00184589
3988 0.00202773
3989 0.00186029
3989 0.00186029
3990 0.00185364
3991 0.00187218
3992 0.0018864
3993 0.00205299
3994 0.00181693
3994 0.00181693
3995 0.00183993
3996 0.00180837
3997 0.00193227
3998 0.0019548
3998 0.0019548
3999 0.00192896
4000 0.00208558
4001 0.00200894
4002 0.00199868
4003 0.0021361
4003 0.0021361
4004 0.00209854
4005 0.00209962
4006 0.002134
4007 0.00224444
4008 0.00214032
4008 0.00214032
4009 0.00221394
4010 0.0021137
4011 0.00214999
4012 0.00220834
4012 0.00220834
4013 0.00225501
4014 0.00222682
4015 0.00240008
4016 0.00230514
4017 0.00238788
4017 0.00238788
4018 0.00242061
4019 0.00257075
4020 0.00255058
4021 0.00253621
4021 0.00253621
4022 0.00252992
4023 0.00265764
4024 0.00258662
4025 0.0026084
4026 0.00263634
4026 0.00263634
4027 0.00259048
4028 0.00262284
4029 0.00269809
4030 0.00272488
4030 0.00272488
4031 0.00270916
4032 0.00280593
4033 0.00269417
4034 0.00284468
4034 0.00284468
4035 0.00285831
4036 0.0028282
4037 0.00288387
4038 0.00295001
4039 0.0029818
4039 0.0029818
4040 0.00313131
4041 0.00316564
4042 0.00313035
4043 0.00325138
4043 0.00325138
4044 0.00323004
4045 0.00328777
4046 0.00325808
4047 0.00354573
4048 0.00352689
4048 0.00352689
4049 0.00360586
4050 0.00376317
4051 0.0037924
4052 0.00391422
4052 0.00391422
4053 0.00405062
4054 0.00415182
4055 0.00435511
4056 0.00453733
4056 0.00453733
4057 0.00465242
4058 0.00497042
4059 0.00511314
4060 0.00520696
4061 0.00548372
4061 0.00548372
4062 0.00584387
4063 0.00605153
4064 0.00640987
4065 0.00676728
4065 0.00676728
4066 0.00725655
4067 0.00779058
4068 0.0081412
4069 0.00863867
4070 0.00946932
4070 0.00946932
4071 0.0102714
4072 0.0109448
4073 0.0118005
4074 0.012927
4074 0.012927
4075 0.0143776
4076 0.0153756
4077 0.0167039
4078 0.0186057
4078 0.0186057
4079 0.020923
4080 0.0224596
4081 0.0244224
4082 0.0274139
4082 0.0274139
4083 0.0309408
4084 0.0334368
4085 0.036012
4086 0.0390884
4087 0.0438692
4087 0.0438692
4088 0.0487787
4089 0.0526968
4090 0.0565767
4091 0.0624857
4091 0.0624857
4092 0.0692996
4093 0.0737557
4094 0.0781269
4095 0.0858859
4095 0.0858859
4096 0.0934586
4097 0.0986971
4098 0.1042
4099 0.109264
4100 0.117997
4100 0.117997
4101 0.126547
4102 0.132609
4103 0.138586
4104 0.14838
4104 0.14838
4105 0.158363
4106 0.1655
4107 0.17244
4108 0.183834
4108 0.183834
4109 0.195948
4110 0.203773
4111 0.212683
4112 0.226248
4112 0.226248
4113 0.241216
4114 0.252166
4115 0.26233
4116 0.280541
4116 0.280541
4117 0.298923
4118 0.312476
4119 0.32397
4120 0.339652
4121 0.360812
4121 0.360812
4122 0.381997
4123 0.396978
4124 0.412532
4125 0.435294
4125 0.435294
4126 0.459235
4127 0.474263
4128 0.489093
4129 0.51103
4129 0.51103
4130 0.533338
4131 0.547776
4132 0.561003
4133 0.580286
4133 0.580286
4134 0.599562
4135 0.608664
4136 0.619685
4137 0.634432
4137 0.634432
4138 0.648046
4139 0.65594
4140 0.662276
4141 0.673273
4141 0.673273
4142 0.680325
4143 0.684703
4144 0.689282
4145 0.693537
4145 0.693537
4146 0.696796
4147 0.699667
4148 0.701544
4149 0.70216
4149 0.70216
4150 0.706171
4151 0.705892
4152 0.706159
4153 0.708106
4154 0.707255
4154 0.707255
4155 0.705961
4156 0.708467
4157 0.710075
4158 0.707399
4158 0.707399
4159 0.708685
4160 0.709996
4161 0.71028
4162 0.709171
4162 0.709171
4163 0.712928
4164 0.711756
4165 0.715121
4166 0.716037
4166 0.716037
4167 0.717767
4168 0.72203
4169 0.723337
4170 0.723839
4170 0.723839
4171 0.729749
4172 0.730476
4173 0.73381
4174 0.737909
4174 0.737909
4175 0.741762
4176 0.744454
4177 0.744805
4178 0.750897
4178 0.750897
4179 0.755575
4180 0.759127
4181 0.765252
4182 0.767043
4182 0.767043
4183 0.772658
4184 0.774847
4185 0.776385
4186 0.781809
4186 0.781809
4187 0.782733
4188 0.786278
4189 0.789354
4190 0.790276
4190 0.790276
4191 0.791578
4192 0.793878
4193 0.793975
4194 0.796233
4194 0.796233
4195 0.795009
4196 0.795587
4197 0.796695
4198 0.797253
4198 0.797253
4199 0.793846
4200 0.794876
4201 0.793156
4201 0.793156
4202 0.788259
4203 0.790343
4204 0.79021
4205 0.786411
4205 0.786411
4206 0.784134
4207 0.783495
4208 0.783492
4209 0.780051
4209 0.780051
4210 0.777113
4211 0.774274
4212 0.774133
4213 0.771557
4213 0.771557
4214 0.770332
4215 0.769031
4216 0.768044
4217 0.766566
4217 0.766566
4218 0.765455
4219 0.768194
4220 0.764226
4221 0.76136
4221 0.76136
4222 0.762752
4223 0.760911
4224 0.763376
4225 0.76442
4225 0.76442
4226 0.763923
4227 0.762009
4228 0.766002
4229 0.764609
4229 0.764609
4230 0.765926
4231 0.767954
4232 0.767649
4232 0.767649
4233 0.767826
4234 0.769397
4235 0.769613
4236 0.768703
4236 0.768703
4237 0.772278
4238 0.770309
4239 0.77199
4240 0.772935
4240 0.772935
4241 0.772986
4242 0.77065
4243 0.775027
4244 0.776219
4244 0.776219
4245 0.77652
4246 0.775247
4247 0.779378
4248 0.779185
4248 0.779185
4249 0.777182
4250 0.779909
4251 0.778105
4251 0.778105
4252 0.779996
4253 0.777857
4254 0.77854
4255 0.780488
4255 0.780488
4256 0.780258
4257 0.78028
4258 0.778696
4259 0.780021
4259 0.780021
4260 0.781268
4261 0.778531
4262 0.781323
4263 0.781176
4263 0.781176
4264 0.780803
4265 0.782495
4266 0.781154
4266 0.781154
4267 0.783417
4268 0.782968
4269 0.782551
4270 0.784197
4270 0.784197
4271 0.785071
4272 0.785914
4273 0.785643
4274 0.78581
4274 0.78581
4275 0.788234
4276 0.788081
4277 0.787813
4277 0.787813
4278 0.789234
4279 0.790831
4280 0.789302
4281 0.791063
4281 0.791063
4282 0.793356
4283 0.793394
4284 0.795872
4285 0.796456
4285 0.796456
4286 0.793337
4287 0.797102
4288 0.798928
4288 0.798928
4289 0.802197
4290 0.800381
4291 0.802741
4292 0.803079
4292 0.803079
4293 0.804447
4294 0.804311
4295 0.806009
4296 0.805612
4296 0.805612
4297 0.806395
4298 0.806748
4299 0.810325
4299 0.810325
4300 0.808734
4301 0.809336
4302 0.812581
4303 0.810909
4303 0.810909
4304 0.812938
4305 0.811047
4306 0.810726
4306 0.810726
4307 0.815125
4308 0.815966
4309 0.814579
4310 0.815025
4310 0.815025
4311 0.81597
4312 0.814868
4313 0.818167
4314 0.816028
4314 0.816028
4315 0.816649
4316 0.818235
4317 0.817652
4317 0.817652
4318 0.818145
4319 0.818953
4320 0.818852
4321 0.819306
4321 0.819306
4322 0.818793
4323 0.816209
4324 0.818681
4324 0.818681
4325 0.81908
4326 0.819937
4327 0.819633
4328 0.818964
4328 0.818964
4329 0.819164
4330 0.818834
4331 0.818494
4331 0.818494
4332 0.822803
4333 0.819998
4334 0.821712
4335 0.821384
4335 0.821384
4336 0.821634
4337 0.821818
4338 0.820511
4338 0.820511
4339 0.819597
4340 0.819536
4341 0.821038
4342 0.820396
4342 0.820396
4343 0.820761
4344 0.822048
4345 0.819717
4345 0.819717
4346 0.819856
4347 0.819619
4348 0.818016
4349 0.816439
4349 0.816439
4350 0.816653
4351 0.815224
4352 0.815957
4352 0.815957
4353 0.811825
4354 0.810807
4355 0.811718
4355 0.811718
4356 0.808653
4357 0.811594
4358 0.806179
4359 0.805476
4359 0.805476
4360 0.804017
4361 0.802442
4362 0.79896
4362 0.79896
4363 0.799295
4364 0.798175
4365 0.796107
4366 0.795922
4366 0.795922
4367 0.793374
4368 0.792319
4369 0.789924
4369 0.789924
4370 0.78579
4371 0.78827
4372 0.784481
4372 0.784481
4373 0.781943
4374 0.782579
4375 0.780942
4376 0.778728
4376 0.778728
4377 0.774321
4378 0.775389
4379 0.774482
4379 0.774482
4380 0.773602
4381 0.771891
4382 0.771285
4382 0.771285
4383 0.772168
4384 0.768875
4385 0.772033
4386 0.771566
4386 0.771566
4387 0.771808
4388 0.767423
4389 0.767584
4390 0.769955
4390 0.769955
4391 0.770895
4392 0.774682
4393 0.773123
4393 0.773123
4394 0.7736
4395 0.770598
4396 0.770516
4397 0.773736
4397 0.773736
4398 0.773191
4399 0.779659
4400 0.776633
4401 0.778393
4401 0.778393
4402 0.780778
4403 0.781015
4404 0.77957
4405 0.781327
4405 0.781327
4406 0.779736
4407 0.786939
4408 0.788895
4409 0.789471
4409 0.789471
4410 0.792432
4411 0.789298
4412 0.795856
4413 0.798571
4413 0.798571
4414 0.800963
4415 0.803482
4416 0.799211
4417 0.807144
4417 0.807144
4418 0.805804
4419 0.809483
4420 0.80895
4420 0.80895
4421 0.816278
4422 0.811887
4423 0.817269
4424 0.815371
4424 0.815371
4425 0.8196
4426 0.8194
4427 0.814324
4428 0.8191
4428 0.8191
4429 0.82335
4430 0.825946
4431 0.826103
4432 0.822627
4432 0.822627
4433 0.829293
4434 0.824415
4435 0.824882
4436 0.825296
4436 0.825296
4437 0.830153
4438 0.827975
4439 0.826229
4439 0.826229
4440 0.827464
4441 0.827892
4442 0.829047
4443 0.827607
4443 0.827607
4444 0.822632
4445 0.824349
4446 0.828571
4447 0.826022
4447 0.826022
4448 0.818783
4449 0.82377
4450 0.823511
4451 0.821956
4451 0.821956
4452 0.823453
4453 0.822863
4454 0.820163
4454 0.820163
4455 0.816671
4456 0.818526
4457 0.820768
4458 0.819507
4458 0.819507
4459 0.818214
4460 0.815966
4461 0.812505
4462 0.813182
4462 0.813182
4463 0.811133
4464 0.814358
4465 0.810535
4466 0.80842
4466 0.80842
4467 0.809115
4468 0.812094
4469 0.807701
4470 0.808174
4470 0.808174
4471 0.806667
4472 0.805851
4473 0.804406
4473 0.804406
4474 0.804922
4475 0.807836
4476 0.802174
4477 0.802937
4477 0.802937
4478 0.804563
4479 0.802617
4480 0.808056
4481 0.801714
4481 0.801714
4482 0.803938
4483 0.80137
4484 0.80312
4484 0.80312
4485 0.801666
4486 0.797892
4487 0.805656
4488 0.798625
4488 0.798625
4489 0.799932
4490 0.798744
4491 0.802934
4492 0.800881
4492 0.800881
4493 0.797733
4494 0.798438
4495 0.796886
4496 0.802819
4496 0.802819
4497 0.798775
4498 0.79918
4499 0.798776
4499 0.798776
4500 0.802814
4501 0.802173
4502 0.797448
4503 0.802409
4503 0.802409
4504 0.801112
4505 0.800185
4506 0.799902
4507 0.800372
4507 0.800372
4508 0.799576
4509 0.799588
4510 0.80157
4510 0.80157
4511 0.80134
4512 0.805601
4513 0.801599
4514 0.801729
4514 0.801729
4515 0.802069
4516 0.804233
4517 0.804368
4518 0.804275
4518 0.804275
4519 0.806019
4520 0.80319
4521 0.807533
4521 0.807533
4522 0.802458
4523 0.804525
4524 0.80864
4525 0.807883
4525 0.807883
4526 0.8084
4527 0.808943
4528 0.811719
4529 0.813049
4529 0.813049
4530 0.813504
4531 0.812827
4532 0.812387
4532 0.812387
4533 0.816817
4534 0.816151
4535 0.819178
4536 0.815444
4536 0.815444
4537 0.817015
4538 0.813284
4539 0.81678
4539 0.81678
4540 0.818949
4541 0.823807
4542 0.817279
4543 0.821154
4543 0.821154
4544 0.822416
4545 0.822224
4546 0.822875
4547 0.823505
4547 0.823505
4548 0.826857
4549 0.828932
4550 0.826158
4550 0.826158
4551 0.826174
4552 0.831976
4553 0.827338
4554 0.829444
4554 0.829444
4555 0.831137
4556 0.83403
4557 0.832364
4557 0.832364
4558 0.831344
4559 0.835564
4560 0.83924
4561 0.83486
4561 0.83486
4562 0.835756
4563 0.838863
4564 0.835772
4565 0.837325
4565 0.837325
4566 0.840087
4567 0.843979
4568 0.840108
4568 0.840108
4569 0.837144
4570 0.842226
4571 0.841728
4572 0.843256
4572 0.843256
4573 0.847271
4574 0.839322
4575 0.844312
4575 0.844312
4576 0.843839
4577 0.846933
4578 0.844106
4579 0.842039
4579 0.842039
4580 0.842802
4581 0.841242
4582 0.840801
4582 0.840801
4583 0.840511
4584 0.842037
4585 0.844539
4586 0.841604
4586 0.841604
4587 0.84089
4588 0.845086
4589 0.842642
4589 0.842642
4590 0.838432
4591 0.84114
4592 0.836776
4593 0.839008
4593 0.839008
4594 0.840418
4595 0.837787
4596 0.840088
4597 0.836722
4597 0.836722
4598 0.835063
4599 0.837098
4600 0.834477
4600 0.834477
4601 0.837715
4602 0.831599
4603 0.832672
4604 0.834257
4604 0.834257
4605 0.833715
4606 0.835605
4607 0.828985
4607 0.828985
4608 0.832246
4609 0.832973
4610 0.830114
4610 0.830114
4611 0.832469
4612 0.829026
4613 0.83366
4614 0.828938
4614 0.828938
4615 0.830194
4616 0.827391
4617 0.827307
4617 0.827307
4618 0.826422
4619 0.827156
4620 0.827924
4621 0.827488
4621 0.827488
4622 0.826865
4623 0.828613
4624 0.826736
4624 0.826736
4625 0.826776
4626 0.829594
4627 0.826658
4628 0.826083
4628 0.826083
4629 0.829855
4630 0.826304
4631 0.826261
4631 0.826261
4632 0.827079
4633 0.829502
4634 0.828123
4635 0.829703
4635 0.829703
4636 0.828405
4637 0.833958
4638 0.828303
4638 0.828303
4639 0.831998
4640 0.827401
4641 0.830415
4642 0.830495
4642 0.830495
4643 0.830273
4644 0.832951
4645 0.83144
4645 0.83144
4646 0.83462
4647 0.830607
4648 0.829681
4648 0.829681
4649 0.83307
4650 0.831492
4651 0.834084
4652 0.832693
4652 0.832693
4653 0.83106
4654 0.834298
4655 0.832754
4655 0.832754
4656 0.830705
4657 0.828364
4658 0.834213
4659 0.833374
4659 0.833374
4660 0.83328
4661 0.829534
4662 0.833169
4662 0.833169
4663 0.83557
4664 0.833365
4665 0.83326
4665 0.83326
4666 0.833046
4667 0.835203
4668 0.834829
4669 0.829975
4669 0.829975
4670 0.831214
4671 0.831695
4672 0.832576
4672 0.832576
4673 0.830896
4674 0.829927
4675 0.83318
4675 0.83318
4676 0.829047
4677 0.82931
4678 0.828933
4679 0.830606
4679 0.830606
4680 0.828974
4681 0.826402
4682 0.82973
4682 0.82973
4683 0.829764
4684 0.831475
4685 0.829558
4685 0.829558
4686 0.828786
4687 0.828646
4688 0.82745
4689 0.827189
4689 0.827189
4690 0.826029
4691 0.828996
4692 0.829554
4692 0.829554
4693 0.823786
4694 0.825892
4695 0.829327
4695 0.829327
4696 0.828369
4697 0.829879
4698 0.827244
4699 0.83155
4699 0.83155
4700 0.833749
4701 0.830165
4702 0.83329
4702 0.83329
4703 0.83081
4704 0.833321
4705 0.830308
4705 0.830308
4706 0.836352
4707 0.834644
4708 0.836504
4708 0.836504
4709 0.83328
4710 0.834969
4711 0.835414
4712 0.839039
4712 0.839039
4713 0.836285
4714 0.838938
4715 0.840155
4715 0.840155
4716 0.839814
4717 0.842358
4718 0.841974
4718 0.841974
4719 0.841855
4720 0.845919
4721 0.844839
4721 0.844839
4722 0.84659
4723 0.843456
4724 0.846908
4725 0.85085
4725 0.85085
4726 0.847903
4727 0.849079
4728 0.849694
4728 0.849694
4729 0.847363
4730 0.848209
4731 0.848138
4731 0.848138
4732 0.852411
4733 0.85005
4734 0.853885
4734 0.853885
4735 0.852476
4736 0.855876
4737 0.85135
4738 0.854081
4738 0.854081
4739 0.853318
4740 0.853461
4741 0.853185
4741 0.853185
4742 0.85728
4743 0.857232
4744 0.855879
4744 0.855879
4745 0.856898
4746 0.854337
4747 0.855678
4747 0.855678
4748 0.855447
4749 0.854424
4750 0.85237
4750 0.85237
4751 0.852983
4752 0.854359
4753 0.856412
4754 0.85168
4754 0.85168
4755 0.853243
4756 0.856459
4757 0.851694
4757 0.851694
4758 0.85363
4759 0.852479
4760 0.850145
4760 0.850145
4761 0.849732
4762 0.851131
4763 0.847808
4763 0.847808
4764 0.848695
4765 0.845391
4766 0.846697
4766 0.846697
4767 0.843301
4768 0.847514
4769 0.844184
4769 0.844184
4770 0.841635
4771 0.846804
4772 0.842247
4772 0.842247
4773 0.838583
4774 0.840293
4775 0.841118
4776 0.83979
4776 0.83979
4777 0.835771
4778 0.837634
4779 0.838245
4779 0.838245
4780 0.837121
4781 0.831832
4782 0.834814
4782 0.834814
4783 0.833162
4784 0.832929
4785 0.832057
4785 0.832057
4786 0.831227
4787 0.826971
4788 0.827984
4788 0.827984
4789 0.829698
4790 0.830191
4791 0.82666
4791 0.82666
4792 0.826332
4793 0.825311
4794 0.827003
4794 0.827003
4795 0.826629
4796 0.827821
4797 0.825272
4797 0.825272
4798 0.82398
4799 0.82377
4800 0.822059
4800 0.822059
4801 0.824292
4802 0.824554
4803 0.821758
4803 0.821758
4804 0.822088
4805 0.820399
4806 0.820598
4806 0.820598
4807 0.82141
4808 0.821903
4809 0.820789
4809 0.820789
4810 0.819891
4811 0.82147
4812 0.818275
4812 0.818275
4813 0.817533
4814 0.82108
4815 0.819035
4815 0.819035
4816 0.820266
4817 0.819486
4818 0.82421
4819 0.823252
4819 0.823252
4820 0.817382
4821 0.820838
4822 0.823625
4822 0.823625
4823 0.822105
4824 0.82075
4825 0.822686
4825 0.822686
4826 0.821231
4827 0.82463
4828 0.823642
4828 0.823642
4829 0.82417
4830 0.823043
4831 0.823933
4831 0.823933
4832 0.825936
4833 0.82646
4834 0.82832
4834 0.82832
4835 0.828883
4836 0.82524
4837 0.826081
4837 0.826081
4838 0.827753
4839 0.828916
4839 0.828916
4840 0.827107
4841 0.831079
4842 0.82931
4842 0.82931
4843 0.831216
4844 0.832474
4845 0.834544
4845 0.834544
4846 0.831159
4847 0.833994
4848 0.834445
4848 0.834445
4849 0.835182
4850 0.835516
4851 0.836342
4851 0.836342
4852 0.835359
4853 0.83953
4854 0.837803
4854 0.837803
4855 0.836781
4856 0.839351
4857 0.839074
4857 0.839074
4858 0.845048
4859 0.842076
4860 0.842404
4860 0.842404
4861 0.84
4862 0.841016
4863 0.843555
4863 0.843555
4864 0.844826
4865 0.841152
4866 0.844139
4866 0.844139
4867 0.846607
4868 0.846415
4869 0.848052
4869 0.848052
4870 0.84866
4871 0.847246
4872 0.848722
4872 0.848722
4873 0.848158
4874 0.848833
4875 0.851291
4875 0.851291
4876 0.851877
4877 0.850367
4878 0.849767
4878 0.849767
4879 0.851298
4880 0.850297
4880 0.850297
4881 0.852786
4882 0.851981
4883 0.853464
4883 0.853464
4884 0.856151
4885 0.853714
4886 0.851433
4886 0.851433
4887 0.850976
4888 0.853041
4889 0.852359
4889 0.852359
4890 0.850944
4891 0.854105
4892 0.852033
4892 0.852033
4893 0.854459
4894 0.851935
4895 0.853873
4895 0.853873
4896 0.85556
4897 0.856168
4898 0.854363
4898 0.854363
4899 0.855708
4900 0.85627
4900 0.85627
4901 0.851988
4902 0.855294
4903 0.852267
4903 0.852267
4904 0.853828
4904 0.853828
4905 0.856168
4906 0.854763
4907 0.853356
4907 0.853356
4908 0.852631
4909 0.84922
4910 0.852327
4910 0.852327
4911 0.854899
4912 0.852683
4913 0.853029
4913 0.853029
4914 0.852878
4915 0.851407
4916 0.85248
4917 0.852826
4917 0.852826
4918 0.850981
4919 0.854366
4920 0.853042
4920 0.853042
4921 0.851151
4922 0.850979
4923 0.85014
4923 0.85014
4924 0.848505
4925 0.847189
4926 0.849857
4926 0.849857
4927 0.846252
4928 0.851711
4929 0.848752
4929 0.848752
4930 0.84967
4931 0.846567
4932 0.846248
4932 0.846248
4933 0.84848
4934 0.846923
4935 0.84846
4935 0.84846
4936 0.843871
4937 0.844339
4938 0.847443
4938 0.847443
4939 0.843202
4940 0.844484
4941 0.841973
4941 0.841973
4942 0.842031
4943 0.842027
4944 0.844029
4944 0.844029
4945 0.844921
4946 0.841704
4947 0.840288
4947 0.840288
4948 0.842958
4949 0.842148
4950 0.840681
4950 0.840681
4951 0.841195
4952 0.83739
4953 0.836047
4954 0.840848
4954 0.840848
4955 0.837794
4956 0.838984
4957 0.83682
4957 0.83682
4958 0.835512
4959 0.834545
4960 0.835851
4960 0.835851
4961 0.835311
4962 0.834556
4963 0.834192
4963 0.834192
4964 0.833716
4965 0.83655
4966 0.834943
4966 0.834943
4967 0.834706
4968 0.833911
4969 0.833414
4969 0.833414
4970 0.833239
4971 0.833129
4972 0.831874
4972 0.831874
4973 0.833369
4974 0.829999
4975 0.832335
4975 0.832335
4976 0.831529
4977 0.827602
4978 0.830545
4978 0.830545
4979 0.830778
4980 0.830189
4981 0.8306
4981 0.8306
4982 0.829126
4983 0.83176
4984 0.827801
4984 0.827801
4985 0.829759
4986 0.829322
4987 0.831395
4987 0.831395
4988 0.830425
4989 0.8299
4990 0.827922
4990 0.827922
4991 0.830086
4992 0.827185
4993 0.831104
4993 0.831104
4994 0.828617
4995 0.830784
4996 0.830708
4996 0.830708
4997 0.830659
4998 0.830698
4999 0.828529
4999 0.828529
5000 0.833001
5001 0.831938
5002 0.832025
5002 0.832025
5003 0.832692
5004 0.834024
5005 0.83388
5005 0.83388
5006 0.834946
5007 0.833862
5008 0.834421
5008 0.834421
5009 0.833037
5010 0.836394
5011 0.83451
5011 0.83451
5012 0.837047
5013 0.833888
5014 0.837401
5014 0.837401
5015 0.837377
5016 0.837333
5017 0.838908
5017 0.838908
5018 0.837024
5019 0.837675
5020 0.838521
5020 0.838521
5021 0.840484
5022 0.840396
5023 0.840281
5023 0.840281
5024 0.838608
5025 0.83956
5026 0.84264
5026 0.84264
5027 0.841706
5028 0.842891
5029 0.843333
5029 0.843333
5030 0.841639
5031 0.840826
5032 0.842828
5032 0.842828
5033 0.843861
5034 0.845847
5034 0.845847
5035 0.845611
5036 0.84406
5037 0.848137
5037 0.848137
5038 0.848885
5039 0.846752
5040 0.848931
5040 0.848931
5041 0.848194
5042 0.847207
5043 0.850164
5043 0.850164
5044 0.847504
5045 0.848866
5046 0.849593
5046 0.849593
5047 0.851374
5048 0.852743
5049 0.850918
5049 0.850918
5050 0.848936
5051 0.851264
5052 0.85228
5052 0.85228
5053 0.850869
5054 0.851744
5055 0.852208
5055 0.852208
5056 0.850849
5057 0.854174
5058 0.8534
5058 0.8534
5059 0.851402
5060 0.851621
5061 0.851467
5061 0.851467
5062 0.854174
5063 0.850669
5064 0.851637
5064 0.851637
5065 0.853068
5066 0.851565
5066 0.851565
5067 0.850247
5068 0.853193
5069 0.853918
5069 0.853918
5070 0.850452
5071 0.852314
5072 0.852946
5072 0.852946
5073 0.850843
5074 0.852627
5075 0.852502
5075 0.852502
5076 0.850291
5077 0.849806
5078 0.850139
5078 0.850139
5079 0.850639
5080 0.851887
5081 0.849891
5081 0.849891
5082 0.852413
5083 0.851656
5084 0.850402
5084 0.850402
5085 0.851063
5086 0.850027
5087 0.848278
5087 0.848278
5088 0.851409
5089 0.849647
5089 0.849647
5090 0.847524
5091 0.850567
5092 0.84907
5092 0.84907
5093 0.85084
5094 0.847086
5095 0.84922
5095 0.84922
5096 0.849201
5097 0.849449
5098 0.848454
5098 0.848454
5099 0.850231
5100 0.846932
5101 0.850223
5101 0.850223
5102 0.848328
5103 0.848095
5104 0.849327
5104 0.849327
5105 0.848647
5106 0.849788
5106 0.849788
5107 0.849927
5108 0.848936
5109 0.848178
5109 0.848178
5110 0.847935
5111 0.849238
5112 0.847442
5112 0.847442
5113 0.847204
5114 0.846172
5115 0.848927
5115 0.848927
5116 0.845957
5117 0.844917
5118 0.848609
5118 0.848609
5119 0.847664
5120 0.847915
5120 0.847915
5121 0.848377
5122 0.84924
5123 0.845889
5123 0.845889
5124 0.848974
5125 0.846365
5126 0.847323
5126 0.847323
5127 0.847534
5128 0.847517
5129 0.847209
5129 0.847209
5130 0.847479
5131 0.846809
5131 0.846809
5132 0.846348
5133 0.844233
5134 0.846916
5134 0.846916
5135 0.845851
5136 0.844706
5137 0.846408
5137 0.846408
5138 0.843066
5139 0.843163
5140 0.843954
5140 0.843954
5141 0.845171
5142 0.846361
5143 0.845848
5143 0.845848
5144 0.844919
5145 0.84438
5145 0.84438
5146 0.842654
5147 0.841648
5148 0.843639
5148 0.843639
5149 0.843088
5150 0.843145
5151 0.844688
5151 0.844688
5152 0.844496
5153 0.842897
5153 0.842897
5154 0.843123
5155 0.844963
5156 0.842232
5156 0.842232
5157 0.845404
5158 0.843866
5159 0.84245
5159 0.84245
5160 0.844114
5161 0.840146
5162 0.844394
5162 0.844394
5163 0.842808
5164 0.843914
5164 0.843914
5165 0.842048
5166 0.844805
5167 0.84304
5167 0.84304
5168 0.843347
5169 0.84034
5170 0.843869
5170 0.843869
5171 0.840618
5172 0.843763
5172 0.843763
5173 0.842511
5174 0.844055
5175 0.844253
5175 0.844253
5176 0.842767
5177 0.843474
5178 0.843411
5178 0.843411
5179 0.843106
5180 0.842762
5181 0.842502
5181 0.842502
5182 0.842753
5183 0.84338
5183 0.84338
5184 0.843516
5185 0.845586
5186 0.843222
5186 0.843222
5187 0.844911
5188 0.843906
5189 0.842346
5189 0.842346
5190 0.843406
5191 0.846043
5191 0.846043
5192 0.843583
5193 0.846539
5194 0.84464
5194 0.84464
5195 0.844295
5196 0.846427
5197 0.845365
5197 0.845365
5198 0.844566
5199 0.845016
5199 0.845016
5200 0.845846
5201 0.845326
5202 0.846492
5202 0.846492
5203 0.849602
5204 0.845956
5204 0.845956
5205 0.849388
5206 0.844192
5207 0.848007
5207 0.848007
5208 0.847262
5209 0.846774
5210 0.849297
5210 0.849297
5211 0.849627
5212 0.847959
5212 0.847959
5213 0.84814
5214 0.848393
5215 0.848754
5215 0.848754
5216 0.848828
5217 0.849496
5218 0.84994
5218 0.84994
5219 0.84902
5220 0.849232
5220 0.849232
5221 0.852116
5222 0.847814
5223 0.849255
5223 0.849255
5224 0.849253
5225 0.850748
5225 0.850748
5226 0.847692
5227 0.848965
5228 0.850452
5228 0.850452
5229 0.851311
5230 0.848798
5231 0.84722
5231 0.84722
5232 0.849019
5233 0.848748
5233 0.848748
5234 0.850915
5235 0.852187
5236 0.849568
5236 0.849568
5237 0.850552
5238 0.850029
5238 0.850029
5239 0.847105
5240 0.850008
5241 0.848354
5241 0.848354
5242 0.849373
5243 0.846926
5243 0.846926
5244 0.848457
5245 0.846487
5246 0.848855
5246 0.848855
5247 0.847272
5248 0.847024
5249 0.846226
5249 0.846226
5250 0.847646
5251 0.843551
5251 0.843551
5252 0.843948
5253 0.844973
5254 0.842005
5254 0.842005
5255 0.844814
5256 0.841569
5256 0.841569
5257 0.840583
5258 0.841877
5259 0.842069
5259 0.842069
5260 0.83903
5261 0.84016
5261 0.84016
5262 0.838245
5263 0.839124
5264 0.838348
5264 0.838348
5265 0.837713
5266 0.838243
5266 0.838243
5267 0.837052
5268 0.836406
5269 0.837712
5269 0.837712
5270 0.837182
5271 0.835865
5271 0.835865
5272 0.835007
5273 0.83456
5274 0.835323
5274 0.835323
5275 0.834944
5276 0.835308
5276 0.835308
5277 0.834314
5278 0.83364
5279 0.833569
5279 0.833569
5280 0.833695
5281 0.833379
5281 0.833379
5282 0.834783
5283 0.833461
5284 0.833379
5284 0.833379
5285 0.833845
5286 0.833124
5286 0.833124
5287 0.833113
5288 0.832822
5289 0.833355
5289 0.833355
5290 0.832445
5291 0.835068
5291 0.835068
5292 0.834801
5293 0.833237
5294 0.834861
5294 0.834861
5295 0.833655
5296 0.835105
5296 0.835105
5297 0.834739
5298 0.835461
5299 0.836324
5299 0.836324
5300 0.832695
5301 0.835904
5301 0.835904
5302 0.83701
5303 0.835756
5304 0.837345
5304 0.837345
5305 0.839604
5306 0.838347
5306 0.838347
5307 0.841585
5308 0.840116
5308 0.840116
5309 0.836922
5310 0.83998
5311 0.840987
5311 0.840987
5312 0.840972
5313 0.841069
5313 0.841069
5314 0.840695
5315 0.84107
5316 0.842844
5316 0.842844
5317 0.843386
5318 0.841784
5318 0.841784
5319 0.841423
5320 0.842098
5321 0.845741
5321 0.845741
5322 0.843963
5323 0.844739
5323 0.844739
5324 0.845535
5325 0.845206
5325 0.845206
5326 0.845321
5327 0.845858
5328 0.845829
5328 0.845829
5329 0.845738
5330 0.84629
5330 0.84629
5331 0.843855
5332 0.846334
5333 0.845574
5333 0.845574
5334 0.844817
5335 0.846136
5335 0.846136
5336 0.845473
5337 0.844603
5337 0.844603
5338 0.84623
5339 0.843589
5340 0.845887
5340 0.845887
5341 0.844429
5342 0.843342
5342 0.843342
5343 0.843586
5344 0.844868
5345 0.845667
5345 0.845667
5346 0.845041
5347 0.845445
5347 0.845445
5348 0.846902
5349 0.843422
5349 0.843422
5350 0.844518
5351 0.845646
5352 0.843702
5352 0.843702
5353 0.843154
5354 0.842005
5354 0.842005
5355 0.842981
5356 0.842178
5356 0.842178
5357 0.841548
5358 0.840948
5359 0.840878
5359 0.840878
5360 0.843427
5361 0.840783
5361 0.840783
5362 0.840544
5363 0.842397
5363 0.842397
5364 0.840839
5365 0.84422
5366 0.84202
5366 0.84202
5367 0.843076
5368 0.839867
5368 0.839867
5369 0.839847
5370 0.841634
5370 0.841634
5371 0.838346
5372 0.842041
5373 0.841508
5373 0.841508
5374 0.842209
5375 0.841234
5375 0.841234
5376 0.840332
5377 0.839431
5377 0.839431
5378 0.838649
5379 0.839761
5379 0.839761
5380 0.839289
5381 0.838171
5382 0.83759
5382 0.83759
5383 0.838913
5384 0.836845
5384 0.836845
5385 0.835371
5386 0.836383
5386 0.836383
5387 0.835353
5388 0.836878
5389 0.833898
5389 0.833898
5390 0.834048
5391 0.833386
5391 0.833386
5392 0.83111
5393 0.832825
5393 0.832825
5394 0.832812
5395 0.829578
5395 0.829578
5396 0.828135
5397 0.827759
5398 0.829309
5398 0.829309
5399 0.827333
5400 0.82547
5400 0.82547
5401 0.825769
5402 0.825163
5402 0.825163
5403 0.824222
5404 0.823979
5404 0.823979
5405 0.822615
5406 0.821742
5407 0.820129
5407 0.820129
5408 0.822289
5409 0.819742
5409 0.819742
5410 0.819108
5411 0.818182
5411 0.818182
5412 0.816191
5413 0.815801
5413 0.815801
5414 0.814453
5415 0.814052
5416 0.812282
5416 0.812282
5417 0.809741
5418 0.809242
5418 0.809242
5419 0.807976
5420 0.803776
5420 0.803776
5421 0.802227
5422 0.799413
5422 0.799413
5423 0.797073
5424 0.793887
5425 0.788587
5425 0.788587
5426 0.781643
5427 0.776104
5427 0.776104
5428 0.769389
5429 0.762032
5429 0.762032
5430 0.75475
5431 0.741704
5431 0.741704
5432 0.731127
5433 0.718945
5433 0.718945
5434 0.704949
5435 0.688928
5435 0.688928
5436 0.675788
5437 0.662017
5438 0.642613
5438 0.642613
5439 0.623995
5440 0.603754
5440 0.603754
5441 0.582581
5442 0.558786
5442 0.558786
5443 0.535458
5444 0.511841
5444 0.511841
5445 0.488088
5446 0.463927
5446 0.463927
5447 0.440324
5448 0.415545
5448 0.415545
5449 0.393226
5450 0.377158
5451 0.35513
5451 0.35513
5452 0.331963
5453 0.31074
5453 0.31074
5454 0.290384
5455 0.270503
5455 0.270503
5456 0.251778
5457 0.233785
5457 0.233785
5458 0.21634
5459 0.201711
5459 0.201711
5460 0.187316
5461 0.173072
5461 0.173072
5462 0.160822
5463 0.148141
5463 0.148141
5464 0.137054
5465 0.129994
5466 0.120335
5466 0.120335
5467 0.111179
5468 0.103142
5468 0.103142
5469 0.095354
5470 0.0881299
5470 0.0881299
5471 0.0816605
5472 0.0755665
5472 0.0755665
5473 0.0701125
5474 0.0650711
5474 0.0650711
5475 0.0602848
5476 0.0560113
5476 0.0560113
5477 0.0519172
5478 0.0483594
5478 0.0483594
5479 0.0449613
5480 0.0419555
5480 0.0419555
5481 0.0390128
5482 0.0363252
5482 0.0363252
5483 0.0339378
5484 0.0323048
5485 0.03025
5485 0.03025
5486 0.0283208
5487 0.0265215
5487 0.0265215
5488 0.0249204
5489 0.0232532
5489 0.0232532
5490 0.0217882
5491 0.0204738
5491 0.0204738
5492 0.0192075
5493 0.0180785
5493 0.0180785
5494 0.0169748
5495 0.0160241
5495 0.0160241
5496 0.0151105
5497 0.0142664
5497 0.0142664
5498 0.0134549
5499 0.0127695
5499 0.0127695
5500 0.0120786
5501 0.0113827
5501 0.0113827
5502 0.0107341
5503 0.0101952
5503 0.0101952
5504 0.0096962
5505 0.00918501
5505 0.00918501
5506 0.00873365
5507 0.00824155
5507 0.00824155
5508 0.00793936
5509 0.00755644
5509 0.00755644
5510 0.00716163
5511 0.0068575
5511 0.0068575
5512 0.00658601
5513 0.00621471
5513 0.00621471
5514 0.0060077
5515 0.00571825
5515 0.00571825
5516 0.00551668
5517 0.00524199
5517 0.00524199
5518 0.00499629
5519 0.00475511
5519 0.00475511
5520 0.00455724
5521 0.00444242
5521 0.00444242
5522 0.00426689
5523 0.00409369
5523 0.00409369
5524 0.00392234
5525 0.00377345
5525 0.00377345
5526 0.00366712
5527 0.00351226
5527 0.00351226
5528 0.00335386
5529 0.00327108
5529 0.00327108
5530 0.00311361
5531 0.0030565
5531 0.0030565
5532 0.0029446
5533 0.00284226
5533 0.00284226
5534 0.00274779
5535 0.00267041
5535 0.00267041
5536 0.00257621
5537 0.00249221
5537 0.00249221
5538 0.00239865
5539 0.0023807
5539 0.0023807
5540 0.00236935
5541 0.00220471
5541 0.00220471
5542 0.00213291
5543 0.0020928
5543 0.0020928
5544 0.00215198
5545 0.00198799
5545 0.00198799
5546 0.00195564
5547 0.00193281
5547 0.00193281
5548 0.00186533
5549 0.00184199
5549 0.00184199
5550 0.00176483
5551 0.00174228
5551 0.00174228
5552 0.00161378
5553 0.00165366
5553 0.00165366
5554 0.0017022
5555 0.00158067
5555 0.00158067
5556 0.00154712
5557 0.00147901
5557 0.00147901
5558 0.00147781
5559 0.00143023
5559 0.00143023
5560 0.00137485
5561 0.00134343
5561 0.00134343
5562 0.00133979
5563 0.00135658
5563 0.00135658
5564 0.00128637
5565 0.00128627
5565 0.00128627
5566 0.00128147
5567 0.00124928
5567 0.00124928
5568 0.00119124
5568 0.00119124
5569 0.001169
5570 0.00116117
5570 0.00116117
5571 0.00114289
5572 0.00104917
5572 0.00104917
5573 0.00105144
5574 0.00108605
5574 0.00108605
5575 0.00108976
5576 0.00106721
5576 0.00106721
5577 0.00102341
5578 0.000992526
5578 0.000992526
5579 0.000997358
5580 0.000999013
5580 0.000999013
5581 0.000937283
5582 0.000946534
5582 0.000946534
5583 0.00089954
5584 0.000908778
5584 0.000908778
5585 0.000855765
5586 0.000885636
5586 0.000885636
5587 0.00086523
5587 0.00086523
5588 0.000821692
5589 0
5589 0
5590 0
5591 0
5591 0
5592 0
5593 0
5593 0
5594 0
5595 0
5595 0
5596 0
5597 0
5597 0
5598 0
5599 0
5599 0
5600 0
5600 0
5601 0
5602 0
5602 0
5603 0
5604 0
5604 0
5605 0
5606 0
5606 0
5607 0
5608 0
5608 0
5609 0
5610 0
5610 0
5611 0
5611 0
5612 0
5613 0
5613 0
5614 0
5615 0
5615 0
5616 0
5617 0
5617 0
5618 0
5619 0
5619 0
5620 0
5621 0
5621 0
5622 0
5622 0
5623 0
5624 0
5624 0
5625 0
5626 0
5626 0
5627 0
5628 0
5628 0
