#wave(A) trans
3701 0.00321345
3702 0.00336855
3703 0.00297287
3704 0.00314894
3705 0.00328732
3706 0.00302879
3706 0.00302879
3707 0.00305509
3708 0.00313413
3709 0.00321628
3710 0.00303399
3711 0.00295137
3712 0.0032405
3712 0.0032405
3713 0.00287278
3714 0.00288216
3715 0.00259691
3716 0.00297548
3717 0.00296167
3717 0.00296167
3718 0.00282505
3719 0.0026626
3720 0.00305366
3721 0.00282884
3722 0.00299681
3722 0.00299681
3723 0.00312393
3724 0.00306206
3725 0.00284584
3726 0.0030848
3727 0.00288372
3727 0.00288372
3728 0.00307738
3729 0.00282011
3730 0.00309385
3731 0.00281838
3732 0.00300084
3733 0.00287955
3733 0.00287955
3734 0.00293365
3735 0.00281022
3736 0.00275589
3737 0.00279226
3738 0.00281265
3738 0.00281265
3739 0.00310163
3740 0.00297761
3741 0.00283076
3742 0.00274733
3743 0.00284375
3743 0.00284375
3744 0.00330098
3745 0.00262047
3746 0.00287856
3747 0.00266511
3748 0.00262516
3749 0.00260303
3749 0.00260303
3750 0.00275354
3751 0.00271404
3752 0.00282087
3753 0.00261251
3754 0.00272524
3754 0.00272524
3755 0.00272659
3756 0.00308002
3757 0.00273494
3758 0.00284806
3759 0.00278207
3759 0.00278207
3760 0.00296419
3761 0.00291929
3762 0.00266728
3763 0.00274287
3764 0.00267989
3764 0.00267989
3765 0.00261256
3766 0.00293277
3767 0.00251764
3768 0.00279575
3769 0.00264832
3769 0.00264832
3770 0.00263198
3771 0.00261377
3772 0.00249157
3773 0.00281888
3774 0.00254358
3775 0.00270097
3775 0.00270097
3776 0.00258951
3777 0.0029174
3778 0.00271391
3779 0.00257426
3780 0.00254526
3780 0.00254526
3781 0.00255934
3782 0.00265671
3783 0.0025273
3784 0.00222687
3785 0.00261413
3785 0.00261413
3786 0.00237641
3787 0.00259068
3788 0.00261393
3789 0.00267162
3790 0.002601
3790 0.002601
3791 0.0025815
3792 0.0024135
3793 0.0026241
3794 0.00271575
3795 0.00247709
3795 0.00247709
3796 0.00233485
3797 0.00260843
3798 0.00250337
3799 0.00249036
3800 0.0025753
3801 0.00242916
3801 0.00242916
3802 0.00226356
3803 0.00233341
3804 0.00248418
3805 0.00252215
3806 0.00241078
3806 0.00241078
3807 0.00243579
3808 0.00226836
3809 0.00254632
3810 0.00235145
3811 0.00228652
3811 0.00228652
3812 0.00238988
3813 0.00242239
3814 0.00233276
3815 0.00234521
3816 0.00225076
3816 0.00225076
3817 0.00217243
3818 0.00250559
3819 0.00234692
3820 0.00242828
3821 0.00238958
3821 0.00238958
3822 0.00240998
3823 0.00220976
3824 0.00239696
3825 0.00238322
3826 0.00217472
3826 0.00217472
3827 0.00245348
3828 0.00233794
3829 0.00234363
3830 0.00225836
3831 0.00232883
3831 0.00232883
3832 0.00210749
3833 0.00222421
3834 0.00238638
3835 0.00227843
3836 0.00222276
3836 0.00222276
3837 0.00224032
3838 0.00216065
3839 0.0022847
3840 0.00221413
3841 0.00222438
3841 0.00222438
3842 0.00231232
3843 0.00227792
3844 0.00212391
3845 0.00221899
3846 0.00225433
3846 0.00225433
3847 0.00204632
3848 0.00223757
3849 0.00199354
3850 0.00224022
3851 0.00216687
3851 0.00216687
3852 0.00219627
3853 0.00217214
3854 0.00205504
3855 0.00202281
3856 0.00203843
3857 0.00218819
3857 0.00218819
3858 0.00209522
3859 0.00228458
3860 0.0020757
3861 0.00237364
3862 0.00208426
3862 0.00208426
3863 0.00215406
3864 0.00209193
3865 0.00191428
3866 0.00201788
3867 0.00194951
3867 0.00194951
3868 0.00222775
3869 0.00220642
3870 0.00217543
3871 0.00189433
3872 0.00218713
3872 0.00218713
3873 0.00175054
3874 0.00203289
3875 0.00198683
3876 0.00211904
3877 0.00210259
3877 0.00210259
3878 0.00204719
3879 0.00208221
3880 0.00194288
3881 0.00180126
3882 0.00208723
3882 0.00208723
3883 0.00193216
3884 0.00178717
3885 0.00198567
3886 0.00192704
3887 0.00200084
3887 0.00200084
3888 0.00194585
3889 0.00203409
3890 0.00190828
3891 0.00212929
3891 0.00212929
3892 0.00195015
3893 0.00196904
3894 0.00192503
3895 0.00198914
3896 0.00193896
3896 0.00193896
3897 0.00202936
3898 0.00180836
3899 0.00192424
3900 0.0019489
3901 0.00190096
3901 0.00190096
3902 0.0018736
3903 0.00188795
3904 0.00194243
3905 0.00174617
3906 0.00192464
3906 0.00192464
3907 0.00188391
3908 0.0019488
3909 0.00192502
3910 0.0018687
3911 0.00182468
3911 0.00182468
3912 0.00191376
3913 0.00194849
3914 0.00199644
3915 0.00192572
3916 0.0018232
3916 0.0018232
3917 0.0017743
3918 0.0018792
3919 0.00179259
3920 0.00196079
3921 0.00186432
3921 0.00186432
3922 0.00189573
3923 0.00198298
3924 0.00182377
3925 0.00194292
3926 0.00187682
3926 0.00187682
3927 0.00180502
3928 0.00191891
3929 0.00195486
3930 0.00191655
3931 0.00177338
3931 0.00177338
3932 0.0018871
3933 0.00195694
3934 0.00200224
3935 0.00194378
3936 0.0019258
3936 0.0019258
3937 0.0018377
3938 0.00182304
3939 0.00194121
3940 0.00188824
3940 0.00188824
3941 0.00177605
3942 0.00173338
3943 0.00190296
3944 0.00189147
3945 0.0017745
3945 0.0017745
3946 0.00173477
3947 0.00189784
3948 0.00171753
3949 0.00197538
3950 0.00174496
3950 0.00174496
3951 0.00182532
3952 0.00190354
3953 0.00168915
3954 0.00183653
3955 0.00183557
3955 0.00183557
3956 0.00178472
3957 0.00181425
3958 0.0017565
3959 0.00180123
3960 0.00182917
3960 0.00182917
3961 0.00180795
3962 0.00176826
3963 0.00176382
3964 0.0017869
3964 0.0017869
3965 0.00180463
3966 0.00177141
3967 0.0018638
3968 0.001835
3969 0.00182745
3969 0.00182745
3970 0.00174937
3971 0.00178347
3972 0.00175789
3973 0.00180807
3974 0.00179025
3974 0.00179025
3975 0.00166176
3976 0.00180354
3977 0.00167955
3978 0.00185996
3979 0.00179531
3979 0.00179531
3980 0.00183097
3981 0.00172826
3982 0.00180608
3983 0.00178412
3983 0.00178412
3984 0.00179602
3985 0.00186105
3986 0.00177279
3987 0.00170099
3988 0.00182444
3988 0.00182444
3989 0.00181136
3990 0.00181051
3991 0.00174761
3992 0.00172368
3993 0.00176468
3993 0.00176468
3994 0.00165803
3995 0.00176147
3996 0.00171586
3997 0.00176161
3997 0.00176161
3998 0.00173466
3999 0.00177907
4000 0.00183144
4001 0.00176588
4002 0.00174088
4002 0.00174088
4003 0.00171349
4004 0.00177844
4005 0.00175519
4006 0.0018609
4007 0.00177022
4007 0.00177022
4008 0.00182318
4009 0.00181762
4010 0.00175374
4011 0.00174552
4011 0.00174552
4012 0.00179822
4013 0.00176522
4014 0.0018422
4015 0.00184297
4016 0.00183472
4016 0.00183472
4017 0.00178729
4018 0.00168843
4019 0.00192095
4020 0.00168561
4021 0.0017845
4021 0.0017845
4022 0.00184552
4023 0.00187431
4024 0.00192485
4025 0.00184035
4025 0.00184035
4026 0.00183681
4027 0.0019431
4028 0.00187924
4029 0.00178163
4030 0.00188841
4030 0.00188841
4031 0.00176086
4032 0.00184589
4033 0.00202773
4034 0.00186029
4034 0.00186029
4035 0.00185364
4036 0.00187218
4037 0.0018864
4038 0.00205299
4039 0.00181693
4039 0.00181693
4040 0.00183993
4041 0.00180837
4042 0.00193227
4043 0.0019548
4043 0.0019548
4044 0.00192896
4045 0.00208558
4046 0.00200894
4047 0.00199868
4048 0.0021361
4048 0.0021361
4049 0.00209854
4050 0.00209962
4051 0.002134
4052 0.00224444
4053 0.00214032
4053 0.00214032
4054 0.00221394
4055 0.0021137
4056 0.00214999
4057 0.00220834
4057 0.00220834
4058 0.00225501
4059 0.00222682
4060 0.00240008
4061 0.00230514
4062 0.00238788
4062 0.00238788
4063 0.00242061
4064 0.00257075
4065 0.00255058
4066 0.00253621
4066 0.00253621
4067 0.00252992
4068 0.00265764
4069 0.00258662
4070 0.0026084
4071 0.00263634
4071 0.00263634
4072 0.00259048
4073 0.00262284
4074 0.00269809
4075 0.00272488
4075 0.00272488
4076 0.00270916
4077 0.00280593
4078 0.00269417
4079 0.00284468
4079 0.00284468
4080 0.00285831
4081 0.0028282
4082 0.00288387
4083 0.00295001
4084 0.0029818
4084 0.0029818
4085 0.00313131
4086 0.00316564
4087 0.00313035
4088 0.00325138
4088 0.00325138
4089 0.00323004
4090 0.00328777
4091 0.00325808
4092 0.00354573
4093 0.00352689
4093 0.00352689
4094 0.00360586
4095 0.00376317
4096 0.0037924
4097 0.00391422
4097 0.00391422
4098 0.00405062
4099 0.00415182
4100 0.00435511
4101 0.00453733
4101 0.00453733
4102 0.00465242
4103 0.00497042
4104 0.00511314
4105 0.00520696
4106 0.00548372
4106 0.00548372
4107 0.00584387
4108 0.00605153
4109 0.00640987
4110 0.00676728
4110 0.00676728
4111 0.00725655
4112 0.00779058
4113 0.0081412
4114 0.00863867
4115 0.00946932
4115 0.00946932
4116 0.0102714
4117 0.0109448
4118 0.0118005
4119 0.012927
4119 0.012927
4120 0.0143776
4121 0.0153756
4122 0.0167039
4123 0.0186057
4123 0.0186057
4124 0.020923
4125 0.0224596
4126 0.0244224
4127 0.0274139
4127 0.0274139
4128 0.0309408
4129 0.0334368
4130 0.036012
4131 0.0390884
4132 0.0438692
4132 0.0438692
4133 0.0487787
4134 0.0526968
4135 0.0565767
4136 0.0624857
4136 0.0624857
4137 0.0692996
4138 0.0737557
4139 0.0781269
4140 0.0858859
4140 0.0858859
4141 0.0934586
4142 0.0986971
4143 0.1042
4144 0.109264
4145 0.117997
4145 0.117997
4146 0.126547
4147 0.132609
4148 0.138586
4149 0.14838
4149 0.14838
4150 0.158363
4151 0.1655
4152 0.17244
4153 0.183834
4153 0.183834
4154 0.195948
4155 0.203773
4156 0.212683
4157 0.226248
4157 0.226248
4158 0.241216
4159 0.252166
4160 0.26233
4161 0.280541
4161 0.280541
4162 0.298923
4163 0.312476
4164 0.32397
4165 0.339652
4166 0.360812
4166 0.360812
4167 0.381997
4168 0.396978
4169 0.412532
4170 0.435294
4170 0.435294
4171 0.459235
4172 0.474263
4173 0.489093
4174 0.51103
4174 0.51103
4175 0.533338
4176 0.547776
4177 0.561003
4178 0.580286
4178 0.580286
4179 0.599562
4180 0.608664
4181 0.619685
4182 0.634432
4182 0.634432
4183 0.648046
4184 0.65594
4185 0.662276
4186 0.673273
4186 0.673273
4187 0.680325
4188 0.684703
4189 0.689282
4190 0.693537
4190 0.693537
4191 0.696796
4192 0.699667
4193 0.701544
4194 0.70216
4194 0.70216
4195 0.706171
4196 0.705892
4197 0.706159
4198 0.708106
4199 0.707255
4199 0.707255
4200 0.705961
4201 0.708467
4202 0.710075
4203 0.707399
4203 0.707399
4204 0.708685
4205 0.709996
4206 0.71028
4207 0.709171
4207 0.709171
4208 0.712928
4209 0.711756
4210 0.715121
4211 0.716037
4211 0.716037
4212 0.717767
4213 0.72203
4214 0.723337
4215 0.723839
4215 0.723839
4216 0.729749
4217 0.730476
4218 0.73381
4219 0.737909
4219 0.737909
4220 0.741762
4221 0.744454
4222 0.744805
4223 0.750897
4223 0.750897
4224 0.755575
4225 0.759127
4226 0.765252
4227 0.767043
4227 0.767043
4228 0.772658
4229 0.774847
4230 0.776385
4231 0.781809
4231 0.781809
4232 0.782733
4233 0.786278
4234 0.789354
4235 0.790276
4235 0.790276
4236 0.791578
4237 0.793878
4238 0.793975
4239 0.796233
4239 0.796233
4240 0.795009
4241 0.795587
4242 0.796695
4243 0.797253
4243 0.797253
4244 0.793846
4245 0.794876
4246 0.793156
4246 0.793156
4247 0.788259
4248 0.790343
4249 0.79021
4250 0.786411
4250 0.786411
4251 0.784134
4252 0.783495
4253 0.783492
4254 0.780051
4254 0.780051
4255 0.777113
4256 0.774274
4257 0.774133
4258 0.771557
4258 0.771557
4259 0.770332
4260 0.769031
4261 0.768044
4262 0.766566
4262 0.766566
4263 0.765455
4264 0.768194
4265 0.764226
4266 0.76136
4266 0.76136
4267 0.762752
4268 0.760911
4269 0.763376
4270 0.76442
4270 0.76442
4271 0.763923
4272 0.762009
4273 0.766002
4274 0.764609
4274 0.764609
4275 0.765926
4276 0.767954
4277 0.767649
4277 0.767649
4278 0.767826
4279 0.769397
4280 0.769613
4281 0.768703
4281 0.768703
4282 0.772278
4283 0.770309
4284 0.77199
4285 0.772935
4285 0.772935
4286 0.772986
4287 0.77065
4288 0.775027
4289 0.776219
4289 0.776219
4290 0.77652
4291 0.775247
4292 0.779378
4293 0.779185
4293 0.779185
4294 0.777182
4295 0.779909
4296 0.778105
4296 0.778105
4297 0.779996
4298 0.777857
4299 0.77854
4300 0.780488
4300 0.780488
4301 0.780258
4302 0.78028
4303 0.778696
4304 0.780021
4304 0.780021
4305 0.781268
4306 0.778531
4307 0.781323
4308 0.781176
4308 0.781176
4309 0.780803
4310 0.782495
4311 0.781154
4311 0.781154
4312 0.783417
4313 0.782968
4314 0.782551
4315 0.784197
4315 0.784197
4316 0.785071
4317 0.785914
4318 0.785643
4319 0.78581
4319 0.78581
4320 0.788234
4321 0.788081
4322 0.787813
4322 0.787813
4323 0.789234
4324 0.790831
4325 0.789302
4326 0.791063
4326 0.791063
4327 0.793356
4328 0.793394
4329 0.795872
4330 0.796456
4330 0.796456
4331 0.793337
4332 0.797102
4333 0.798928
4333 0.798928
4334 0.802197
4335 0.800381
4336 0.802741
4337 0.803079
4337 0.803079
4338 0.804447
4339 0.804311
4340 0.806009
4341 0.805612
4341 0.805612
4342 0.806395
4343 0.806748
4344 0.810325
4344 0.810325
4345 0.808734
4346 0.809336
4347 0.812581
4348 0.810909
4348 0.810909
4349 0.812938
4350 0.811047
4351 0.810726
4351 0.810726
4352 0.815125
4353 0.815966
4354 0.814579
4355 0.815025
4355 0.815025
4356 0.81597
4357 0.814868
4358 0.818167
4359 0.816028
4359 0.816028
4360 0.816649
4361 0.818235
4362 0.817652
4362 0.817652
4363 0.818145
4364 0.818953
4365 0.818852
4366 0.819306
4366 0.819306
4367 0.818793
4368 0.816209
4369 0.818681
4369 0.818681
4370 0.81908
4371 0.819937
4372 0.819633
4373 0.818964
4373 0.818964
4374 0.819164
4375 0.818834
4376 0.818494
4376 0.818494
4377 0.822803
4378 0.819998
4379 0.821712
4380 0.821384
4380 0.821384
4381 0.821634
4382 0.821818
4383 0.820511
4383 0.820511
4384 0.819597
4385 0.819536
4386 0.821038
4387 0.820396
4387 0.820396
4388 0.820761
4389 0.822048
4390 0.819717
4390 0.819717
4391 0.819856
4392 0.819619
4393 0.818016
4394 0.816439
4394 0.816439
4395 0.816653
4396 0.815224
4397 0.815957
4397 0.815957
4398 0.811825
4399 0.810807
4400 0.811718
4400 0.811718
4401 0.808653
4402 0.811594
4403 0.806179
4404 0.805476
4404 0.805476
4405 0.804017
4406 0.802442
4407 0.79896
4407 0.79896
4408 0.799295
4409 0.798175
4410 0.796107
4411 0.795922
4411 0.795922
4412 0.793374
4413 0.792319
4414 0.789924
4414 0.789924
4415 0.78579
4416 0.78827
4417 0.784481
4417 0.784481
4418 0.781943
4419 0.782579
4420 0.780942
4421 0.778728
4421 0.778728
4422 0.774321
4423 0.775389
4424 0.774482
4424 0.774482
4425 0.773602
4426 0.771891
4427 0.771285
4427 0.771285
4428 0.772168
4429 0.768875
4430 0.772033
4431 0.771566
4431 0.771566
4432 0.771808
4433 0.767423
4434 0.767584
4435 0.769955
4435 0.769955
4436 0.770895
4437 0.774682
4438 0.773123
4438 0.773123
4439 0.7736
4440 0.770598
4441 0.770516
4442 0.773736
4442 0.773736
4443 0.773191
4444 0.779659
4445 0.776633
4446 0.778393
4446 0.778393
4447 0.780778
4448 0.781015
4449 0.77957
4450 0.781327
4450 0.781327
4451 0.779736
4452 0.786939
4453 0.788895
4454 0.789471
4454 0.789471
4455 0.792432
4456 0.789298
4457 0.795856
4458 0.798571
4458 0.798571
4459 0.800963
4460 0.803482
4461 0.799211
4462 0.807144
4462 0.807144
4463 0.805804
4464 0.809483
4465 0.80895
4465 0.80895
4466 0.816278
4467 0.811887
4468 0.817269
4469 0.815371
4469 0.815371
4470 0.8196
4471 0.8194
4472 0.814324
4473 0.8191
4473 0.8191
4474 0.82335
4475 0.825946
4476 0.826103
4477 0.822627
4477 0.822627
4478 0.829293
4479 0.824415
4480 0.824882
4481 0.825296
4481 0.825296
4482 0.830153
4483 0.827975
4484 0.826229
4484 0.826229
4485 0.827464
4486 0.827892
4487 0.829047
4488 0.827607
4488 0.827607
4489 0.822632
4490 0.824349
4491 0.828571
4492 0.826022
4492 0.826022
4493 0.818783
4494 0.82377
4495 0.823511
4496 0.821956
4496 0.821956
4497 0.823453
4498 0.822863
4499 0.820163
4499 0.820163
4500 0.816671
4501 0.818526
4502 0.820768
4503 0.819507
4503 0.819507
4504 0.818214
4505 0.815966
4506 0.812505
4507 0.813182
4507 0.813182
4508 0.811133
4509 0.814358
4510 0.810535
4511 0.80842
4511 0.80842
4512 0.809115
4513 0.812094
4514 0.807701
4515 0.808174
4515 0.808174
4516 0.806667
4517 0.805851
4518 0.804406
4518 0.804406
4519 0.804922
4520 0.807836
4521 0.802174
4522 0.802937
4522 0.802937
4523 0.804563
4524 0.802617
4525 0.808056
4526 0.801714
4526 0.801714
4527 0.803938
4528 0.80137
4529 0.80312
4529 0.80312
4530 0.801666
4531 0.797892
4532 0.805656
4533 0.798625
4533 0.798625
4534 0.799932
4535 0.798744
4536 0.802934
4537 0.800881
4537 0.800881
4538 0.797733
4539 0.798438
4540 0.796886
4541 0.802819
4541 0.802819
4542 0.798775
4543 0.79918
4544 0.798776
4544 0.798776
4545 0.802814
4546 0.802173
4547 0.797448
4548 0.802409
4548 0.802409
4549 0.801112
4550 0.800185
4551 0.799902
4552 0.800372
4552 0.800372
4553 0.799576
4554 0.799588
4555 0.80157
4555 0.80157
4556 0.80134
4557 0.805601
4558 0.801599
4559 0.801729
4559 0.801729
4560 0.802069
4561 0.804233
4562 0.804368
4563 0.804275
4563 0.804275
4564 0.806019
4565 0.80319
4566 0.807533
4566 0.807533
4567 0.802458
4568 0.804525
4569 0.80864
4570 0.807883
4570 0.807883
4571 0.8084
4572 0.808943
4573 0.811719
4574 0.813049
4574 0.813049
4575 0.813504
4576 0.812827
4577 0.812387
4577 0.812387
4578 0.816817
4579 0.816151
4580 0.819178
4581 0.815444
4581 0.815444
4582 0.817015
4583 0.813284
4584 0.81678
4584 0.81678
4585 0.818949
4586 0.823807
4587 0.817279
4588 0.821154
4588 0.821154
4589 0.822416
4590 0.822224
4591 0.822875
4592 0.823505
4592 0.823505
4593 0.826857
4594 0.828932
4595 0.826158
4595 0.826158
4596 0.826174
4597 0.831976
4598 0.827338
4599 0.829444
4599 0.829444
4600 0.831137
4601 0.83403
4602 0.832364
4602 0.832364
4603 0.831344
4604 0.835564
4605 0.83924
4606 0.83486
4606 0.83486
4607 0.835756
4608 0.838863
4609 0.835772
4610 0.837325
4610 0.837325
4611 0.840087
4612 0.843979
4613 0.840108
4613 0.840108
4614 0.837144
4615 0.842226
4616 0.841728
4617 0.843256
4617 0.843256
4618 0.847271
4619 0.839322
4620 0.844312
4620 0.844312
4621 0.843839
4622 0.846933
4623 0.844106
4624 0.842039
4624 0.842039
4625 0.842802
4626 0.841242
4627 0.840801
4627 0.840801
4628 0.840511
4629 0.842037
4630 0.844539
4631 0.841604
4631 0.841604
4632 0.84089
4633 0.845086
4634 0.842642
4634 0.842642
4635 0.838432
4636 0.84114
4637 0.836776
4638 0.839008
4638 0.839008
4639 0.840418
4640 0.837787
4641 0.840088
4642 0.836722
4642 0.836722
4643 0.835063
4644 0.837098
4645 0.834477
4645 0.834477
4646 0.837715
4647 0.831599
4648 0.832672
4649 0.834257
4649 0.834257
4650 0.833715
4651 0.835605
4652 0.828985
4652 0.828985
4653 0.832246
4654 0.832973
4655 0.830114
4655 0.830114
4656 0.832469
4657 0.829026
4658 0.83366
4659 0.828938
4659 0.828938
4660 0.830194
4661 0.827391
4662 0.827307
4662 0.827307
4663 0.826422
4664 0.827156
4665 0.827924
4666 0.827488
4666 0.827488
4667 0.826865
4668 0.828613
4669 0.826736
4669 0.826736
4670 0.826776
4671 0.829594
4672 0.826658
4673 0.826083
4673 0.826083
4674 0.829855
4675 0.826304
4676 0.826261
4676 0.826261
4677 0.827079
4678 0.829502
4679 0.828123
4680 0.829703
4680 0.829703
4681 0.828405
4682 0.833958
4683 0.828303
4683 0.828303
4684 0.831998
4685 0.827401
4686 0.830415
4687 0.830495
4687 0.830495
4688 0.830273
4689 0.832951
4690 0.83144
4690 0.83144
4691 0.83462
4692 0.830607
4693 0.829681
4693 0.829681
4694 0.83307
4695 0.831492
4696 0.834084
4697 0.832693
4697 0.832693
4698 0.83106
4699 0.834298
4700 0.832754
4700 0.832754
4701 0.830705
4702 0.828364
4703 0.834213
4704 0.833374
4704 0.833374
4705 0.83328
4706 0.829534
4707 0.833169
4707 0.833169
4708 0.83557
4709 0.833365
4710 0.83326
4710 0.83326
4711 0.833046
4712 0.835203
4713 0.834829
4714 0.829975
4714 0.829975
4715 0.831214
4716 0.831695
4717 0.832576
4717 0.832576
4718 0.830896
4719 0.829927
4720 0.83318
4720 0.83318
4721 0.829047
4722 0.82931
4723 0.828933
4724 0.830606
4724 0.830606
4725 0.828974
4726 0.826402
4727 0.82973
4727 0.82973
4728 0.829764
4729 0.831475
4730 0.829558
4730 0.829558
4731 0.828786
4732 0.828646
4733 0.82745
4734 0.827189
4734 0.827189
4735 0.826029
4736 0.828996
4737 0.829554
4737 0.829554
4738 0.823786
4739 0.825892
4740 0.829327
4740 0.829327
4741 0.828369
4742 0.829879
4743 0.827244
4744 0.83155
4744 0.83155
4745 0.833749
4746 0.830165
4747 0.83329
4747 0.83329
4748 0.83081
4749 0.833321
4750 0.830308
4750 0.830308
4751 0.836352
4752 0.834644
4753 0.836504
4753 0.836504
4754 0.83328
4755 0.834969
4756 0.835414
4757 0.839039
4757 0.839039
4758 0.836285
4759 0.838938
4760 0.840155
4760 0.840155
4761 0.839814
4762 0.842358
4763 0.841974
4763 0.841974
4764 0.841855
4765 0.845919
4766 0.844839
4766 0.844839
4767 0.84659
4768 0.843456
4769 0.846908
4770 0.85085
4770 0.85085
4771 0.847903
4772 0.849079
4773 0.849694
4773 0.849694
4774 0.847363
4775 0.848209
4776 0.848138
4776 0.848138
4777 0.852411
4778 0.85005
4779 0.853885
4779 0.853885
4780 0.852476
4781 0.855876
4782 0.85135
4783 0.854081
4783 0.854081
4784 0.853318
4785 0.853461
4786 0.853185
4786 0.853185
4787 0.85728
4788 0.857232
4789 0.855879
4789 0.855879
4790 0.856898
4791 0.854337
4792 0.855678
4792 0.855678
4793 0.855447
4794 0.854424
4795 0.85237
4795 0.85237
4796 0.852983
4797 0.854359
4798 0.856412
4799 0.85168
4799 0.85168
4800 0.853243
4801 0.856459
4802 0.851694
4802 0.851694
4803 0.85363
4804 0.852479
4805 0.850145
4805 0.850145
4806 0.849732
4807 0.851131
4808 0.847808
4808 0.847808
4809 0.848695
4810 0.845391
4811 0.846697
4811 0.846697
4812 0.843301
4813 0.847514
4814 0.844184
4814 0.844184
4815 0.841635
4816 0.846804
4817 0.842247
4817 0.842247
4818 0.838583
4819 0.840293
4820 0.841118
4821 0.83979
4821 0.83979
4822 0.835771
4823 0.837634
4824 0.838245
4824 0.838245
4825 0.837121
4826 0.831832
4827 0.834814
4827 0.834814
4828 0.833162
4829 0.832929
4830 0.832057
4830 0.832057
4831 0.831227
4832 0.826971
4833 0.827984
4833 0.827984
4834 0.829698
4835 0.830191
4836 0.82666
4836 0.82666
4837 0.826332
4838 0.825311
4839 0.827003
4839 0.827003
4840 0.826629
4841 0.827821
4842 0.825272
4842 0.825272
4843 0.82398
4844 0.82377
4845 0.822059
4845 0.822059
4846 0.824292
4847 0.824554
4848 0.821758
4848 0.821758
4849 0.822088
4850 0.820399
4851 0.820598
4851 0.820598
4852 0.82141
4853 0.821903
4854 0.820789
4854 0.820789
4855 0.819891
4856 0.82147
4857 0.818275
4857 0.818275
4858 0.817533
4859 0.82108
4860 0.819035
4860 0.819035
4861 0.820266
4862 0.819486
4863 0.82421
4864 0.823252
4864 0.823252
4865 0.817382
4866 0.820838
4867 0.823625
4867 0.823625
4868 0.822105
4869 0.82075
4870 0.822686
4870 0.822686
4871 0.821231
4872 0.82463
4873 0.823642
4873 0.823642
4874 0.82417
4875 0.823043
4876 0.823933
4876 0.823933
4877 0.825936
4878 0.82646
4879 0.82832
4879 0.82832
4880 0.828883
4881 0.82524
4882 0.826081
4882 0.826081
4883 0.827753
4884 0.828916
4884 0.828916
4885 0.827107
4886 0.831079
4887 0.82931
4887 0.82931
4888 0.831216
4889 0.832474
4890 0.834544
4890 0.834544
4891 0.831159
4892 0.833994
4893 0.834445
4893 0.834445
4894 0.835182
4895 0.835516
4896 0.836342
4896 0.836342
4897 0.835359
4898 0.83953
4899 0.837803
4899 0.837803
4900 0.836781
4901 0.839351
4902 0.839074
4902 0.839074
4903 0.845048
4904 0.842076
4905 0.842404
4905 0.842404
4906 0.84
4907 0.841016
4908 0.843555
4908 0.843555
4909 0.844826
4910 0.841152
4911 0.844139
4911 0.844139
4912 0.846607
4913 0.846415
4914 0.848052
4914 0.848052
4915 0.84866
4916 0.847246
4917 0.848722
4917 0.848722
4918 0.848158
4919 0.848833
4920 0.851291
4920 0.851291
4921 0.851877
4922 0.850367
4923 0.849767
4923 0.849767
4924 0.851298
4925 0.850297
4925 0.850297
4926 0.852786
4927 0.851981
4928 0.853464
4928 0.853464
4929 0.856151
4930 0.853714
4931 0.851433
4931 0.851433
4932 0.850976
4933 0.853041
4934 0.852359
4934 0.852359
4935 0.850944
4936 0.854105
4937 0.852033
4937 0.852033
4938 0.854459
4939 0.851935
4940 0.853873
4940 0.853873
4941 0.85556
4942 0.856168
4943 0.854363
4943 0.854363
4944 0.855708
4945 0.85627
4945 0.85627
4946 0.851988
4947 0.855294
4948 0.852267
4948 0.852267
4949 0.853828
4949 0.853828
4950 0.856168
4951 0.854763
4952 0.853356
4952 0.853356
4953 0.852631
4954 0.84922
4955 0.852327
4955 0.852327
4956 0.854899
4957 0.852683
4958 0.853029
4958 0.853029
4959 0.852878
4960 0.851407
4961 0.85248
4962 0.852826
4962 0.852826
4963 0.850981
4964 0.854366
4965 0.853042
4965 0.853042
4966 0.851151
4967 0.850979
4968 0.85014
4968 0.85014
4969 0.848505
4970 0.847189
4971 0.849857
4971 0.849857
4972 0.846252
4973 0.851711
4974 0.848752
4974 0.848752
4975 0.84967
4976 0.846567
4977 0.846248
4977 0.846248
4978 0.84848
4979 0.846923
4980 0.84846
4980 0.84846
4981 0.843871
4982 0.844339
4983 0.847443
4983 0.847443
4984 0.843202
4985 0.844484
4986 0.841973
4986 0.841973
4987 0.842031
4988 0.842027
4989 0.844029
4989 0.844029
4990 0.844921
4991 0.841704
4992 0.840288
4992 0.840288
4993 0.842958
4994 0.842148
4995 0.840681
4995 0.840681
4996 0.841195
4997 0.83739
4998 0.836047
4999 0.840848
4999 0.840848
5000 0.837794
5001 0.838984
5002 0.83682
5002 0.83682
5003 0.835512
5004 0.834545
5005 0.835851
5005 0.835851
5006 0.835311
5007 0.834556
5008 0.834192
5008 0.834192
5009 0.833716
5010 0.83655
5011 0.834943
5011 0.834943
5012 0.834706
5013 0.833911
5014 0.833414
5014 0.833414
5015 0.833239
5016 0.833129
5017 0.831874
5017 0.831874
5018 0.833369
5019 0.829999
5020 0.832335
5020 0.832335
5021 0.831529
5022 0.827602
5023 0.830545
5023 0.830545
5024 0.830778
5025 0.830189
5026 0.8306
5026 0.8306
5027 0.829126
5028 0.83176
5029 0.827801
5029 0.827801
5030 0.829759
5031 0.829322
5032 0.831395
5032 0.831395
5033 0.830425
5034 0.8299
5035 0.827922
5035 0.827922
5036 0.830086
5037 0.827185
5038 0.831104
5038 0.831104
5039 0.828617
5040 0.830784
5041 0.830708
5041 0.830708
5042 0.830659
5043 0.830698
5044 0.828529
5044 0.828529
5045 0.833001
5046 0.831938
5047 0.832025
5047 0.832025
5048 0.832692
5049 0.834024
5050 0.83388
5050 0.83388
5051 0.834946
5052 0.833862
5053 0.834421
5053 0.834421
5054 0.833037
5055 0.836394
5056 0.83451
5056 0.83451
5057 0.837047
5058 0.833888
5059 0.837401
5059 0.837401
5060 0.837377
5061 0.837333
5062 0.838908
5062 0.838908
5063 0.837024
5064 0.837675
5065 0.838521
5065 0.838521
5066 0.840484
5067 0.840396
5068 0.840281
5068 0.840281
5069 0.838608
5070 0.83956
5071 0.84264
5071 0.84264
5072 0.841706
5073 0.842891
5074 0.843333
5074 0.843333
5075 0.841639
5076 0.840826
5077 0.842828
5077 0.842828
5078 0.843861
5079 0.845847
5079 0.845847
5080 0.845611
5081 0.84406
5082 0.848137
5082 0.848137
5083 0.848885
5084 0.846752
5085 0.848931
5085 0.848931
5086 0.848194
5087 0.847207
5088 0.850164
5088 0.850164
5089 0.847504
5090 0.848866
5091 0.849593
5091 0.849593
5092 0.851374
5093 0.852743
5094 0.850918
5094 0.850918
5095 0.848936
5096 0.851264
5097 0.85228
5097 0.85228
5098 0.850869
5099 0.851744
5100 0.852208
5100 0.852208
5101 0.850849
5102 0.854174
5103 0.8534
5103 0.8534
5104 0.851402
5105 0.851621
5106 0.851467
5106 0.851467
5107 0.854174
5108 0.850669
5109 0.851637
5109 0.851637
5110 0.853068
5111 0.851565
5111 0.851565
5112 0.850247
5113 0.853193
5114 0.853918
5114 0.853918
5115 0.850452
5116 0.852314
5117 0.852946
5117 0.852946
5118 0.850843
5119 0.852627
5120 0.852502
5120 0.852502
5121 0.850291
5122 0.849806
5123 0.850139
5123 0.850139
5124 0.850639
5125 0.851887
5126 0.849891
5126 0.849891
5127 0.852413
5128 0.851656
5129 0.850402
5129 0.850402
5130 0.851063
5131 0.850027
5132 0.848278
5132 0.848278
5133 0.851409
5134 0.849647
5134 0.849647
5135 0.847524
5136 0.850567
5137 0.84907
5137 0.84907
5138 0.85084
5139 0.847086
5140 0.84922
5140 0.84922
5141 0.849201
5142 0.849449
5143 0.848454
5143 0.848454
5144 0.850231
5145 0.846932
5146 0.850223
5146 0.850223
5147 0.848328
5148 0.848095
5149 0.849327
5149 0.849327
5150 0.848647
5151 0.849788
5151 0.849788
5152 0.849927
5153 0.848936
5154 0.848178
5154 0.848178
5155 0.847935
5156 0.849238
5157 0.847442
5157 0.847442
5158 0.847204
5159 0.846172
5160 0.848927
5160 0.848927
5161 0.845957
5162 0.844917
5163 0.848609
5163 0.848609
5164 0.847664
5165 0.847915
5165 0.847915
5166 0.848377
5167 0.84924
5168 0.845889
5168 0.845889
5169 0.848974
5170 0.846365
5171 0.847323
5171 0.847323
5172 0.847534
5173 0.847517
5174 0.847209
5174 0.847209
5175 0.847479
5176 0.846809
5176 0.846809
5177 0.846348
5178 0.844233
5179 0.846916
5179 0.846916
5180 0.845851
5181 0.844706
5182 0.846408
5182 0.846408
5183 0.843066
5184 0.843163
5185 0.843954
5185 0.843954
5186 0.845171
5187 0.846361
5188 0.845848
5188 0.845848
5189 0.844919
5190 0.84438
5190 0.84438
5191 0.842654
5192 0.841648
5193 0.843639
5193 0.843639
5194 0.843088
5195 0.843145
5196 0.844688
5196 0.844688
5197 0.844496
5198 0.842897
5198 0.842897
5199 0.843123
5200 0.844963
5201 0.842232
5201 0.842232
5202 0.845404
5203 0.843866
5204 0.84245
5204 0.84245
5205 0.844114
5206 0.840146
5207 0.844394
5207 0.844394
5208 0.842808
5209 0.843914
5209 0.843914
5210 0.842048
5211 0.844805
5212 0.84304
5212 0.84304
5213 0.843347
5214 0.84034
5215 0.843869
5215 0.843869
5216 0.840618
5217 0.843763
5217 0.843763
5218 0.842511
5219 0.844055
5220 0.844253
5220 0.844253
5221 0.842767
5222 0.843474
5223 0.843411
5223 0.843411
5224 0.843106
5225 0.842762
5226 0.842502
5226 0.842502
5227 0.842753
5228 0.84338
5228 0.84338
5229 0.843516
5230 0.845586
5231 0.843222
5231 0.843222
5232 0.844911
5233 0.843906
5234 0.842346
5234 0.842346
5235 0.843406
5236 0.846043
5236 0.846043
5237 0.843583
5238 0.846539
5239 0.84464
5239 0.84464
5240 0.844295
5241 0.846427
5242 0.845365
5242 0.845365
5243 0.844566
5244 0.845016
5244 0.845016
5245 0.845846
5246 0.845326
5247 0.846492
5247 0.846492
5248 0.849602
5249 0.845956
5249 0.845956
5250 0.849388
5251 0.844192
5252 0.848007
5252 0.848007
5253 0.847262
5254 0.846774
5255 0.849297
5255 0.849297
5256 0.849627
5257 0.847959
5257 0.847959
5258 0.84814
5259 0.848393
5260 0.848754
5260 0.848754
5261 0.848828
5262 0.849496
5263 0.84994
5263 0.84994
5264 0.84902
5265 0.849232
5265 0.849232
5266 0.852116
5267 0.847814
5268 0.849255
5268 0.849255
5269 0.849253
5270 0.850748
5270 0.850748
5271 0.847692
5272 0.848965
5273 0.850452
5273 0.850452
5274 0.851311
5275 0.848798
5276 0.84722
5276 0.84722
5277 0.849019
5278 0.848748
5278 0.848748
5279 0.850915
5280 0.852187
5281 0.849568
5281 0.849568
5282 0.850552
5283 0.850029
5283 0.850029
5284 0.847105
5285 0.850008
5286 0.848354
5286 0.848354
5287 0.849373
5288 0.846926
5288 0.846926
5289 0.848457
5290 0.846487
5291 0.848855
5291 0.848855
5292 0.847272
5293 0.847024
5294 0.846226
5294 0.846226
5295 0.847646
5296 0.843551
5296 0.843551
5297 0.843948
5298 0.844973
5299 0.842005
5299 0.842005
5300 0.844814
5301 0.841569
5301 0.841569
5302 0.840583
5303 0.841877
5304 0.842069
5304 0.842069
5305 0.83903
5306 0.84016
5306 0.84016
5307 0.838245
5308 0.839124
5309 0.838348
5309 0.838348
5310 0.837713
5311 0.838243
5311 0.838243
5312 0.837052
5313 0.836406
5314 0.837712
5314 0.837712
5315 0.837182
5316 0.835865
5316 0.835865
5317 0.835007
5318 0.83456
5319 0.835323
5319 0.835323
5320 0.834944
5321 0.835308
5321 0.835308
5322 0.834314
5323 0.83364
5324 0.833569
5324 0.833569
5325 0.833695
5326 0.833379
5326 0.833379
5327 0.834783
5328 0.833461
5329 0.833379
5329 0.833379
5330 0.833845
5331 0.833124
5331 0.833124
5332 0.833113
5333 0.832822
5334 0.833355
5334 0.833355
5335 0.832445
5336 0.835068
5336 0.835068
5337 0.834801
5338 0.833237
5339 0.834861
5339 0.834861
5340 0.833655
5341 0.835105
5341 0.835105
5342 0.834739
5343 0.835461
5344 0.836324
5344 0.836324
5345 0.832695
5346 0.835904
5346 0.835904
5347 0.83701
5348 0.835756
5349 0.837345
5349 0.837345
5350 0.839604
5351 0.838347
5351 0.838347
5352 0.841585
5353 0.840116
5353 0.840116
5354 0.836922
5355 0.83998
5356 0.840987
5356 0.840987
5357 0.840972
5358 0.841069
5358 0.841069
5359 0.840695
5360 0.84107
5361 0.842844
5361 0.842844
5362 0.843386
5363 0.841784
5363 0.841784
5364 0.841423
5365 0.842098
5366 0.845741
5366 0.845741
5367 0.843963
5368 0.844739
5368 0.844739
5369 0.845535
5370 0.845206
5370 0.845206
5371 0.845321
5372 0.845858
5373 0.845829
5373 0.845829
5374 0.845738
5375 0.84629
5375 0.84629
5376 0.843855
5377 0.846334
5378 0.845574
5378 0.845574
5379 0.844817
5380 0.846136
5380 0.846136
5381 0.845473
5382 0.844603
5382 0.844603
5383 0.84623
5384 0.843589
5385 0.845887
5385 0.845887
5386 0.844429
5387 0.843342
5387 0.843342
5388 0.843586
5389 0.844868
5390 0.845667
5390 0.845667
5391 0.845041
5392 0.845445
5392 0.845445
5393 0.846902
5394 0.843422
5394 0.843422
5395 0.844518
5396 0.845646
5397 0.843702
5397 0.843702
5398 0.843154
5399 0.842005
5399 0.842005
5400 0.842981
5401 0.842178
5401 0.842178
5402 0.841548
5403 0.840948
5404 0.840878
5404 0.840878
5405 0.843427
5406 0.840783
5406 0.840783
5407 0.840544
5408 0.842397
5408 0.842397
5409 0.840839
5410 0.84422
5411 0.84202
5411 0.84202
5412 0.843076
5413 0.839867
5413 0.839867
5414 0.839847
5415 0.841634
5415 0.841634
5416 0.838346
5417 0.842041
5418 0.841508
5418 0.841508
5419 0.842209
5420 0.841234
5420 0.841234
5421 0.840332
5422 0.839431
5422 0.839431
5423 0.838649
5424 0.839761
5424 0.839761
5425 0.839289
5426 0.838171
5427 0.83759
5427 0.83759
5428 0.838913
5429 0.836845
5429 0.836845
5430 0.835371
5431 0.836383
5431 0.836383
5432 0.835353
5433 0.836878
5434 0.833898
5434 0.833898
5435 0.834048
5436 0.833386
5436 0.833386
5437 0.83111
5438 0.832825
5438 0.832825
5439 0.832812
5440 0.829578
5440 0.829578
5441 0.828135
5442 0.827759
5443 0.829309
5443 0.829309
5444 0.827333
5445 0.82547
5445 0.82547
5446 0.825769
5447 0.825163
5447 0.825163
5448 0.824222
5449 0.823979
5449 0.823979
5450 0.822615
5451 0.821742
5452 0.820129
5452 0.820129
5453 0.822289
5454 0.819742
5454 0.819742
5455 0.819108
5456 0.818182
5456 0.818182
5457 0.816191
5458 0.815801
5458 0.815801
5459 0.814453
5460 0.814052
5461 0.812282
5461 0.812282
5462 0.809741
5463 0.809242
5463 0.809242
5464 0.807976
5465 0.803776
5465 0.803776
5466 0.802227
5467 0.799413
5467 0.799413
5468 0.797073
5469 0.793887
5470 0.788587
5470 0.788587
5471 0.781643
5472 0.776104
5472 0.776104
5473 0.769389
5474 0.762032
5474 0.762032
5475 0.75475
5476 0.741704
5476 0.741704
5477 0.731127
5478 0.718945
5478 0.718945
5479 0.704949
5480 0.688928
5480 0.688928
5481 0.675788
5482 0.662017
5483 0.642613
5483 0.642613
5484 0.623995
5485 0.603754
5485 0.603754
5486 0.582581
5487 0.558786
5487 0.558786
5488 0.535458
5489 0.511841
5489 0.511841
5490 0.488088
5491 0.463927
5491 0.463927
5492 0.440324
5493 0.415545
5493 0.415545
5494 0.393226
5495 0.377158
5496 0.35513
5496 0.35513
5497 0.331963
5498 0.31074
5498 0.31074
5499 0.290384
5500 0.270503
5500 0.270503
5501 0.251778
5502 0.233785
5502 0.233785
5503 0.21634
5504 0.201711
5504 0.201711
5505 0.187316
5506 0.173072
5506 0.173072
5507 0.160822
5508 0.148141
5508 0.148141
5509 0.137054
5510 0.129994
5511 0.120335
5511 0.120335
5512 0.111179
5513 0.103142
5513 0.103142
5514 0.095354
5515 0.0881299
5515 0.0881299
5516 0.0816605
5517 0.0755665
5517 0.0755665
5518 0.0701125
5519 0.0650711
5519 0.0650711
5520 0.0602848
5521 0.0560113
5521 0.0560113
5522 0.0519172
5523 0.0483594
5523 0.0483594
5524 0.0449613
5525 0.0419555
5525 0.0419555
5526 0.0390128
5527 0.0363252
5527 0.0363252
5528 0.0339378
5529 0.0323048
5530 0.03025
5530 0.03025
5531 0.0283208
5532 0.0265215
5532 0.0265215
5533 0.0249204
5534 0.0232532
5534 0.0232532
5535 0.0217882
5536 0.0204738
5536 0.0204738
5537 0.0192075
5538 0.0180785
5538 0.0180785
5539 0.0169748
5540 0.0160241
5540 0.0160241
5541 0.0151105
5542 0.0142664
5542 0.0142664
5543 0.0134549
5544 0.0127695
5544 0.0127695
5545 0.0120786
5546 0.0113827
5546 0.0113827
5547 0.0107341
5548 0.0101952
5548 0.0101952
5549 0.0096962
5550 0.00918501
5550 0.00918501
5551 0.00873365
5552 0.00824155
5552 0.00824155
5553 0.00793936
5554 0.00755644
5554 0.00755644
5555 0.00716163
5556 0.0068575
5556 0.0068575
5557 0.00658601
5558 0.00621471
5558 0.00621471
5559 0.0060077
5560 0.00571825
5560 0.00571825
5561 0.00551668
5562 0.00524199
5562 0.00524199
5563 0.00499629
5564 0.00475511
5564 0.00475511
5565 0.00455724
5566 0.00444242
5566 0.00444242
5567 0.00426689
5568 0.00409369
5568 0.00409369
5569 0.00392234
5570 0.00377345
5570 0.00377345
5571 0.00366712
5572 0.00351226
5572 0.00351226
5573 0.00335386
5574 0.00327108
5574 0.00327108
5575 0.00311361
5576 0.0030565
5576 0.0030565
5577 0.0029446
5578 0.00284226
5578 0.00284226
5579 0.00274779
5580 0.00267041
5580 0.00267041
5581 0.00257621
5582 0.00249221
5582 0.00249221
5583 0.00239865
5584 0.0023807
5584 0.0023807
5585 0.00236935
5586 0.00220471
5586 0.00220471
5587 0.00213291
5588 0.0020928
5588 0.0020928
5589 0.00215198
5590 0.00198799
5590 0.00198799
5591 0.00195564
5592 0.00193281
5592 0.00193281
5593 0.00186533
5594 0.00184199
5594 0.00184199
5595 0.00176483
5596 0.00174228
5596 0.00174228
5597 0.00161378
5598 0.00165366
5598 0.00165366
5599 0.0017022
5600 0.00158067
5600 0.00158067
5601 0.00154712
5602 0.00147901
5602 0.00147901
5603 0.00147781
5604 0.00143023
5604 0.00143023
5605 0.00137485
5606 0.00134343
5606 0.00134343
5607 0.00133979
5608 0.00135658
5608 0.00135658
5609 0.00128637
5610 0.00128627
5610 0.00128627
5611 0.00128147
5612 0.00124928
5612 0.00124928
5613 0.00119124
5613 0.00119124
5614 0.001169
5615 0.00116117
5615 0.00116117
5616 0.00114289
5617 0.00104917
5617 0.00104917
5618 0.00105144
5619 0.00108605
5619 0.00108605
5620 0.00108976
5621 0.00106721
5621 0.00106721
5622 0.00102341
5623 0.000992526
5623 0.000992526
5624 0.000997358
5625 0.000999013
5625 0.000999013
5626 0.000937283
5627 0.000946534
5627 0.000946534
5628 0.00089954
5629 0.000908778
5629 0.000908778
5630 0.000855765
5631 0.000885636
5631 0.000885636
5632 0.00086523
5632 0.00086523
5633 0.000821692
5634 0
5634 0
5635 0
5636 0
5636 0
5637 0
5638 0
5638 0
5639 0
5640 0
5640 0
5641 0
5642 0
5642 0
5643 0
5644 0
5644 0
5645 0
5645 0
5646 0
5647 0
5647 0
5648 0
5649 0
5649 0
5650 0
5651 0
5651 0
5652 0
5653 0
5653 0
5654 0
5655 0
5655 0
5656 0
5656 0
5657 0
5658 0
5658 0
5659 0
5660 0
5660 0
5661 0
5662 0
5662 0
5663 0
5664 0
5664 0
5665 0
5666 0
5666 0
5667 0
5667 0
5668 0
5669 0
5669 0
5670 0
5671 0
5671 0
5672 0
5673 0
5673 0
