#wave(A)        trans
3676.0036710367594      0.0016707318349794523
3677.003672035408       0.0016806193187560094
3678.003673034058       0.0016870324803952856
3679.003674032708       0.0016794934383433445
3680.0036750313575      0.0016790645424866926
3682.0036770286565      0.001689922970942074
3683.003678027308       0.0016979987298345247
3684.003679025957       0.0016811903008606252
3685.0036800246066      0.0017079281433092083
3686.003681023257       0.0016904103516527365
3688.003683020556       0.0016939124008759205
3689.003684019206       0.0016625668891851117
3690.003685017856       0.001699448061185187
3691.003686016506       0.0016514306789839916
3693.0036880138055      0.0016867998420863012
3694.0036890124547      0.0017110630207479408
3695.0036900111045      0.0016924084597373795
3696.003691009755       0.0016851877023888356
3698.0036930070546      0.0016791527654621335
3699.0036940057043      0.0017046982136993403
3700.003695004354       0.0016585228913453592
3701.003696003004       0.0017139507471545484
3703.003698000304       0.0016662974815273555
3704.0036989989535      0.0016654700289758942
3705.0036999976032      0.0016410021178932688
3706.003700996253       0.0016737297023958608
3707.0037019949023      0.0016474745593853773
3709.0037039922026      0.001668833350675241
3710.0037049908533      0.0016745999444778726
3711.003705989502       0.0016723731681375566
3712.0037069881523      0.0016635611788259933
3714.0037089854513      0.0016630859042189652
3715.003709984102       0.001656960020165333
3716.003710982752       0.0016331749050294158
3717.003711981401       0.001638693874596828
3719.0037139787005      0.0015944323120221694
3720.003714977351       0.0016137117876799793
3721.0037159759995      0.0016348481267054332
3722.00371697465        0.0016013457273351265
3723.003717973301       0.0016195536240405815
3725.0037199706 0.0016031637836161916
3726.0037209692496      0.0015966345544007308
3727.003721967899       0.0015800298563119302
3728.00372296655        0.0016064392176309754
3730.003724963849       0.0015913918589112678
3731.0037259624987      0.0015772247501400624
3732.003726961148       0.001577687325284884
3733.003727959799       0.0015802283541469144
3735.003729957098       0.0015749906180108021
3736.0037309557483      0.0015458299146476533
3737.0037319543967      0.0015788195010672274
3738.003732953048       0.0015179756939539117
3740.003734950347       0.0015288198169519241
3741.003735948997       0.001502655840986372
3742.003736947647       0.0015140421987348675
3743.003737946297       0.001513201355918301
3745.003739943596       0.001492278428315057
3746.003740942246       0.0014782220447854086
3747.0037419408955      0.001481174291172608
3748.0037429395456      0.0014642230570345257
3749.0037439381963      0.0014602175739749478
3751.0037459354953      0.0014415538005671871
3752.0037469341446      0.0014405990871486567
3753.003747932795       0.0014356541734716994
3754.0037489314436      0.0014527871528217183
3756.0037509287445      0.0014286999952277423
3757.0037519273938      0.0014337823103781383
3758.0037529260435      0.001445833568457377
3759.0037539246937      0.0014461932209421367
3761.0037559219936      0.0014442167958559197
3762.0037569206434      0.0014237609517217939
3763.0037579192935      0.001428726295616122
3764.003758917943       0.001416745704217952
3766.0037609152423      0.0014287297472821306
3767.003761913892       0.0014244692318370626
3768.0037629125427      0.0014199565673692679
3769.003763911192       0.0013835117864757537
3771.003765908492       0.001373587488641066
3772.003766907141       0.0013827132259411725
3773.0037679057923      0.0013979665455435134
3774.003768904441       0.0013921325708091778
3775.0037699030913      0.0014257630890868694
3777.0037719003903      0.00139317438108151
3778.003772899041       0.001389396091618741
3779.00377389769        0.0013880672260159804
3780.00377489634        0.001378038105699138
3782.00377689364        0.0014047211172835844
3783.00377789229        0.0013821966372138548
3784.0037788909394      0.0013906688223509908
3785.003779889589       0.0013887813333210927
3787.0037818868877      0.001403057400614783
3788.0037828855393      0.0013790034857916016
3789.0037838841886      0.001353886526444174
3790.0037848828383      0.0013750251743363112
3792.0037868801373      0.0013307662029448826
3793.003787878788       0.001334506844293775
3794.0037888774377      0.001330900398889243
3795.0037898760884      0.0013091920983544817
3797.003791873387       0.0013359471783142229
3798.003792872037       0.0013192220226715722
3799.0037938706873      0.00129990483735092
3800.0037948693357      0.0013050029152639744
3802.003796866636       0.0012637975206327178
3803.003797865287       0.0012696898315577355
3804.003798863936       0.0012719547928062116
3805.0037998625858      0.0012730338761708787
3807.003801859885       0.0012776558642607955
3808.003802858536       0.0012462550429741905
3809.003803857185       0.0012471430830617212
3810.003804855835       0.0012640940296867649
3812.003806853134       0.001247523792247653
3813.003807851785       0.0012609202353195477
3814.003808850434       0.0012204877984955834
3815.003809849084       0.0012659556161968596
3817.0038118463835      0.001220607087594091
3818.0038128450337      0.001270452799904224
3819.003813843683       0.0012312579525167872
3820.0038148423328      0.0012524476938908678
3822.0038168396327      0.0012400534643186606
3823.003817838283       0.0012533515801861667
3824.003818836932       0.0012647025438704386
3825.0038198355824      0.0012274029708938883
3827.003821832882       0.0012289578958512672
3828.0038228315325      0.0012396110570149837
3829.0038238301813      0.0012388926486654385
3830.003824828832       0.0012287294333292618
3831.0038258274813      0.0012352858062202718
3833.0038278247816      0.0012236874234945532
3834.003828823431       0.0011976754233287664
3835.0038298220807      0.0011909822308775353
3836.0038308207304      0.001196978223124007
3838.0038328180303      0.0011793889898890758
3839.00383381668        0.0011691243426269985
3840.00383481533        0.0011651384466441646
3841.00383581398        0.001156062069605426
3843.00383781128        0.0011750322761296627
3844.0038388099288      0.0011416298166508887
3845.0038398085785      0.0011628321738609542
3846.003840807229       0.0011625096684657788
3848.0038428045286      0.0011819451209031321
3849.003843803178       0.0011700500951400052
3850.0038448018277      0.0011873630975462993
3851.003845800478       0.0011854170979385878
3853.003847797778       0.0012027497845497348
3854.0038487964275      0.0012062911001006521
3855.0038497950773      0.0012075120166580612
3856.003850793727       0.0012170250463742615
3858.003852791026       0.001233677953775701
3859.003853789676       0.0011955820662776962
3860.0038547883264      0.0012062539159735687
3861.003855786976       0.0012112845033844235
3863.003857784276       0.0012265473050438271
3864.0038587829254      0.0012153322008072853
3865.003859781575       0.0012321576601186301
3867.003861778875       0.0012406516642869939
3868.0038627775252      0.001217899118780628
3869.003863776175       0.0012092937698462726
3870.003864774824       0.0012041223473573037
3872.003866772124       0.0012027290618938943
3873.0038677707753      0.0011855091077899507
3874.0038687694237      0.0012015053958106545
3875.003869768074       0.0012027536302253196
3877.003871765373       0.00123324919137444
3878.003872764023       0.0011918905313335246
3879.003873762673       0.0012378702524008286
3880.003874761323       0.0012173163512557328
3882.003876758622       0.0012384251618097414
3883.0038777572718      0.0012444501861152027
3884.0038787559215      0.001235041605471701
3885.003879754572       0.0012388371194816832
3887.003881751871       0.0012420320132682735
3888.003882750522       0.0012412215243981426
3889.003883749171       0.0012310468652718836
3890.003884747821       0.0012439395659280233
3892.00388674512        0.0012463467287380325
3893.003887743771       0.0012628445483801422
3894.0038887424203      0.001238346811670013
3895.00388974107        0.0012534169611031775
3897.003891738369       0.001249281457162876
3898.00389273702        0.001245571312353722
3899.0038937356694      0.0012358063573036685
3900.00389473432        0.0012266575117100408
3902.0038967316186      0.0012169984233106983
3903.003897730269       0.001226584124789838
3904.003898728918       0.001226032013963062
3905.003899727568       0.0012219830047766474
3907.003901724868       0.0012166334874099973
3908.003902723518       0.0012243348390421644
3909.003903722168       0.0012269544073068364
3910.0039047208165      0.0012169046745246924
3912.003906718117       0.0012161584268279141
3913.003907716768       0.00121106831774386
3914.003908715417       0.0012071229085377213
3916.003910712717       0.001219467668736903
3917.0039117113656      0.001202181661997185
3918.0039127100163      0.0012198483173542934
3919.003913708666       0.0012048877194006618
3921.0039157059655      0.0012299744458316166
3922.003916704615       0.0012302326008537608
3923.0039177032654      0.001233744027158792
3924.0039187019142      0.0012294869095195032
3926.003920699215       0.0012201648997466213
3927.0039216978644      0.0012227816686956987
3928.0039226965146      0.0012189223290734548
3929.003923695164       0.0012317002292657553
3931.0039256924642      0.0012128521905483138
3932.0039266911135      0.0012408609578804547
3933.003927689764       0.0012114755579891883
3934.003928688413       0.0012301052904290513
3936.003930685713       0.0012357583130970192
3937.003931684362       0.0012505002102835183
3938.0039326830133      0.0012426185282502908
3940.003934680312       0.0012071353504415233
3941.003935678962       0.001252521524904807
3942.003936677612       0.0012276742843563327
3943.003937676262       0.001256390903920915
3945.0039396735615      0.0012510044680899275
3946.003940672212       0.001238510986358543
3947.0039416708605      0.001238993773494047
3948.003942669511       0.0012430245804713129
3950.0039446668097      0.0012444742911074602
3951.0039456654604      0.0012293644156759177
3952.00394666411        0.001237563000887501
3953.00394766276        0.0012375830820862959
3955.0039496600602      0.001224610009743883
3956.003950658709       0.001262300668608558
3957.0039516573593      0.0012243794207208406
3959.003953654659       0.0012507694745593375
3960.003954653309       0.00123097693464837
3961.003955651959       0.0012658637627429026
3962.003956650608       0.0012201370512338091
3964.0039586479083      0.0012609368098042487
3965.003959646558       0.0012500761441372162
3966.003960645208       0.0012700973558977427
3967.003961643857       0.0012784653487082386
3969.003963641157       0.0013029660106075023
3970.003964639807       0.0012891910157878867
3971.003965638457       0.001295836094447303
3973.003967635757       0.0012905508139480334
3974.003968634406       0.0012855703157050083
3975.003969633056       0.0013219525384237005
3976.0039706317057      0.0012862223145624057
3978.003972629006       0.0013349800082961905
3979.003973627656       0.0013017893328507322
3980.0039746263046      0.0013589862423331928
3981.0039756249553      0.0013336382891266706
3983.0039776222548      0.001350845001657701
3984.003978620904       0.0013344024090221663
3985.0039796195547      0.0013483599591301227
3987.0039816168537      0.0013525749556879112
3988.0039826155044      0.0013497041815076203
3989.003983614153       0.0013879042837523098
3990.0039846128034      0.0013569169093782373
3992.003986610103       0.0014018753735181907
3993.0039876087535      0.0013748323108076813
3994.003988607403       0.0014145314781794708
3995.0039896060525      0.0013965532128098802
3997.003991603352       0.0014153572567352024
3998.0039926020027      0.001419116961991907
3999.003993600652       0.0014271572424576285
4001.0039955979523      0.001460771879138571
4002.0039965966007      0.0014408052713508531
4003.0039975952513      0.0014772854239877176
4004.003998593901       0.0014717956404684464
4006.004000591201       0.0015064757379010065
4007.0040015898503      0.0015169929802045514
4008.0040025885005      0.0015347558445047609
4010.0040045857995      0.0015700274652121898
4011.00400558445        0.0015683934938068044
4012.0040065831 0.001572802690741452
4013.0040075817496      0.0016092310901718522
4015.004009579049       0.0016323036515994399
4016.004010577699       0.001679004664546851
4017.004011576348       0.001686684633496517
4019.004013573648       0.0017291473651880145
4020.0040145722983      0.0017374744245003304
4021.004015570948       0.0017739504151629924
4022.004016569597       0.0017654550163119888
4024.0040185668977      0.001808651624605526
4025.0040195655483      0.0018425543935241516
4026.0040205641967      0.0018576388753314417
4027.0040215628474      0.0018772477757065269
4029.004023560146       0.0019188914521695865
4030.004024558796       0.001916772318636039
4031.004025557447       0.0019459378485719827
4033.004027554746       0.0019891750198961357
4034.004028553396       0.0020059502266995587
4035.0040295520457      0.002020326749859934
4036.0040305506955      0.0020612329198909395
4038.0040325479963      0.002131872245916596
4039.0040335466447      0.002136468123774469
4040.004034545295       0.00215280871411832
4042.004036542594       0.002230599833472452
4043.0040375412436      0.002238646717065978
4044.0040385398943      0.002275289022705378
4045.004039538544       0.0023264562709659144
4047.004041535843       0.002398735776581548
4048.0040425344937      0.0024661977121869898
4049.004043533143       0.002487395066559682
4051.0040455304434      0.002623530794986538
4052.004046529093       0.0026465414580447567
4053.004047527743       0.0027596120162074163
4055.004049525042       0.002891590026411757
4056.004050523692       0.0029839396286019905
4057.004051522342       0.0030409988725630375
4058.004052520992       0.00313157879473601
4060.004054518291       0.0033948359667954476
4061.004055516941       0.0035242385185474704
4062.0040565155905      0.0037032637712794527
4064.004058512891       0.004043458714977972
4065.004059511541       0.004250399175341847
4066.0040605101904      0.004428252426311647
4067.00406150884        0.004706123674937149
4069.0040635061396      0.005279219447342982
4070.0040645047898      0.005653455678294687
4071.00406550344        0.0059997315713901
4073.0040675007394      0.0069527080106036344
4074.0040684993887      0.007448493776546965
4075.004069498039       0.008116758821885343
4077.0040714953384      0.009561793831472112
4078.0040724939886      0.010360038041330724
4079.004073492638       0.011281829440309895
4080.0040744912876      0.01242122917507384
4082.004076488587       0.014807438923642504
4083.0040774872377      0.016122298805841675
4084.004078485887       0.017693541941226028
4086.004080483187       0.021334122573383837
4087.0040814818362      0.023372045585609704
4088.0040824804873      0.025617136427617426
4089.0040834791357      0.02810065720295064
4091.004085476436       0.03340019126728527
4092.004086475085       0.03640799081055989
4093.004087473736       0.03967106161973906
4095.004089471035       0.0465467532316733
4096.004090469685       0.05016230333100247
4097.004091468335       0.05402949975680458
4099.004093465634       0.06258721474061173
4100.004094464284       0.06684744631194223
4101.004095462934       0.07168343918528261
4103.004097460233       0.08162031182238623
4104.004098458884       0.08678954941442178
4105.004099457534       0.09232892737762573
4106.004100456184       0.09805482971050274
4108.004102453483       0.10995106535978658
4109.004103452133       0.11639534807058936
4110.0041044507825      0.1230876778657113
4112.004106448082       0.13739765626713354
4113.004107446732       0.14502185999521963
4114.0041084453815      0.15372544639676727
4116.004110442682       0.17065066979608037
4117.004111441331       0.18030408092863037
4118.004112439981       0.18933642315947438
4119.004113438631       0.20022029590283993
4121.0041154359305      0.22137241323014
4122.00411643458        0.23341589279599007
4123.004117433231       0.245495495600083
4125.00411943053        0.2701123054314478
4126.00412042918        0.2834612464862965
4127.004121427829       0.2967873770331188
4129.004123425129       0.3240218622224835
4130.004124423779       0.3376866371497995
4131.004125422429       0.3517902200981929
4133.004127419728       0.3784856101986414
4134.004128418378       0.39203217423140785
4135.004129417028       0.40505161517377863
4137.004131414328       0.4300479333481538
4138.004132412978       0.44189713502375494
4139.004133411628       0.45332571146885964
4140.004134410277       0.46399132303586654
4142.004136407577       0.48371990157978584
4143.0041374062275      0.49237443457715035
4144.004138404876       0.5005512706602983
4146.004140402176       0.5151088804613234
4147.004141400826       0.5214226109086002
4148.004142399476       0.5266468831245772
4150.004144396777       0.5364838665785314
4151.004145395425       0.5396482687913718
4152.004146394075       0.5431303735671259
4154.004148391376       0.5485048483241063
4155.004149390025       0.5507569925722208
4156.004150388675       0.5527622086079724
4158.004152385975       0.5554906025055433
4159.004153384623       0.556766182561152
4160.004154383274       0.5576467001053571
4162.004156380573       0.5597019490777572
4163.004157379224       0.560561977855362
4164.004158377873       0.5612691592380752
4166.004160375172       0.5633037072392734
4167.004161373822       0.5641764600514304
4168.004162372473       0.5656525448171422
4170.004164369772       0.5680585469152852
4171.004165368422       0.5696557421539257
4172.004166367071       0.5714297654773087
4173.0041673657215      0.5732049720724788
4175.004169363021       0.5769521255395296
4176.004170361672       0.5792568653955855
4177.0041713603205      0.5811510635386404
4179.00417335762        0.5866254566438482
4180.004174356271       0.589042182030161
4181.00417535492        0.5920566230681877
4183.004177352221       0.5971342655910975
4184.00417835087        0.6001090554583105
4185.00417934952        0.6022913475505696
4187.004181346819       0.6077995989762209
4188.004182345469       0.6102455367121222
4189.004183344119       0.61266488073618
4191.004185341419       0.6169235145126447
4192.0041863400675      0.6188401388769629
4193.004187338718       0.6207038270599586
4195.004189336018       0.6237277845069796
4196.004190334668       0.62498280122702
4197.004191333317       0.6262621794620954
4199.0041933306165      0.6268346497318164
4200.004194329266       0.6281956796700947
4201.004195327917       0.6279763706417062
4203.004197325216       0.6282838668389027
4204.004198323866       0.627260912099544
4205.004199322516       0.6275073492287959
4207.004201319815       0.6253242889279412
4208.004202318466       0.6254006397778836
4209.004203317116       0.6241374819928558
4211.004205314415       0.6222259830725312
4212.004206313064       0.6208415463876196
4213.004207311714       0.6203021704870704
4215.004209309014       0.6177074507664142
4216.004210307664       0.6173295706435858
4217.004211306314       0.6159423391372074
4219.004213303613       0.6142314907881535
4220.004214302263       0.6129570897724504
4222.004216299563       0.6118106325917748
4223.004217298213       0.6110772157823965
4224.004218296863       0.610875056078135
4226.004220294162       0.6103278434815065
4227.004221292812       0.6101546902565211
4228.0042222914635      0.6104236034127065
4230.004224288761       0.6107495287078466
4231.004225287412       0.61119464642589
4232.004226286061       0.6115704437513558
4234.004228283361       0.6124592505370298
4235.004229282011       0.6126066345747018
4236.0042302806605      0.6132941482220016
4238.004232277961       0.614215223391895
4239.00423327661        0.6145312510339461
4240.00423427526        0.6159232955761986
4242.004236272559       0.6167364678557923
4243.00423727121        0.6176258116040594
4244.004238269859       0.6181719739965202
4246.004240267159       0.6194853576701458
4247.004241265808       0.6199962427001111
4248.004242264459       0.6207563184917047
4250.004244261758       0.6217612775064544
4251.004245260408       0.6216602755830908
4253.004247257708       0.6228429241940064
4254.004248256358       0.6232402138414155
4255.004249255008       0.6238579572322127
4257.004251252307       0.6248763049562406
4258.004252250957       0.6248537685370222
4259.004253249606       0.6258290229601157
4261.004255246907       0.6261150656464438
4262.004256245556       0.6268146666801232
4263.004257244206       0.6269783903928882
4265.004259241505       0.6278483752754799
4266.004260240155       0.6280252003903015
4267.004261238805       0.6284172163257352
4269.004263236105       0.6295553420182327
4270.004264234754       0.6295128027452148
4272.004266232054       0.6309140474201783
4273.0042672307045      0.6310534501569194
4274.004268229354       0.6320136235636385
4276.004270226654       0.6328959528697347
4277.0042712253035      0.6338579423761982
4278.004272223953       0.6342532783276604
4280.004274221254       0.6356777315491452
4281.004275219903       0.6365921202955944
4282.004276218552       0.6371218719360281
4284.004278215852       0.6391202572048659
4285.004279214501       0.6396403564003004
4287.004281211802       0.64162789955399
4288.0042822104515      0.642559932913207
4289.004283209101       0.6433759238967556
4291.004285206401       0.6452580642674473
4292.00428620505        0.6458289642101611
4293.004287203701       0.6469785543256329
4295.004289201  0.6481539517257998
4296.00429019965        0.6497570088140363
4298.00429219695        0.6512314348277618
4299.0042931955995      0.6527034978149127
4300.004294194249       0.6529930264931656
4302.004296191549       0.6549270586802397
4303.004297190199       0.6556287028732092
4304.004298188849       0.6567635338365904
4306.004300186149       0.6578971474568658
4307.004301184798       0.6588343892982775
4309.004303182098       0.659825233563304
4310.0043041807485      0.6604551087448653
4311.004305179396       0.6607191514045541
4313.004307176698       0.6625145092269963
4314.0043081753465      0.662412883583461
4315.004309173997       0.6634940547603112
4317.004311171296       0.6638439615926042
4318.0043121699455      0.6644388580593354
4320.004314167246       0.6645234113512711
4321.004315165896       0.6651250540635413
4322.004316164545       0.6652625139740799
4324.004318161845       0.6659392128743612
4325.004319160495       0.6659448206006866
4327.004321157794       0.6666459785142134
4328.004322156445       0.6670372914923599
4329.004323155094       0.6670496073235542
4331.004325152394       0.6679797849956006
4332.004326151044       0.6676998544659096
4333.004327149694       0.6683564056067222
4335.004329146993       0.6680972136254175
4336.0043301456435      0.6685060111030352
4338.004332142943       0.6687544878650526
4339.004333141593       0.6692651818229863
4340.0043341402425      0.6694173434516951
4342.004336137542       0.6692507277137233
4343.004337136192       0.6696569042098566
4345.004339133491       0.66943654669543
4346.004340132142       0.6696174923102772
4347.004341130791       0.6692284432331972
4349.004343128091       0.6685737885490026
4350.004344126741       0.6681067592134358
4352.00434612404        0.6671227521055845
4353.004347122691       0.6668616223656272
4354.00434812134        0.6659728644858369
4356.00435011864        0.6647557744233988
4357.004351117289       0.6640835299934731
4359.004353114589       0.6627448236874771
4360.004354113239       0.6613813688149165
4361.004355111889       0.6604496733847519
4363.004357109188       0.6584872740463559
4364.004358107838       0.6574832106512086
4366.004360105138       0.6554403517652917
4367.004361103788       0.6543273813567179
4368.004362102438       0.6533163983056702
4370.004364099737       0.6516222982449091
4371.004365098387       0.6499031159980785
4373.0043670956875      0.6475038670938302
4374.004368094336       0.6465867599138309
4376.004370091636       0.6443046356723446
4377.004371090285       0.6432281990435621
4378.004372088936       0.6424836377529771
4380.004374086237       0.640291943092812
4381.0043750848845      0.6397486882253031
4383.004377082185       0.6377394025998847
4384.004378080834       0.6369173616330086
4385.004379079484       0.636440153749199
4387.004381076784       0.6357917079514321
4388.004382075434       0.6353206294789232
4390.004384072734       0.6353631800429802
4391.004385071384       0.6343864260550125
4393.004387068684       0.6356085919477614
4394.004388067333       0.635391172549419
4395.004389065983       0.6368201404524989
4397.004391063282       0.6371482421702223
4398.004392061933       0.6391497338257964
4400.004394059232       0.6393530887273763
4401.004395057882       0.640988309787938
4403.0043970551815      0.6429229045196232
4404.004398053831       0.643524853963881
4405.004399052481       0.6443071665758959
4407.004401049781       0.6464974049305282
4408.004402048431       0.6477618453611896
4409.00440304708        0.6500742810574675
4411.004405044379       0.6523991917503854
4412.00440604303        0.6537509397696983
4414.0044080403295      0.657408538205799
4415.004409038979       0.6580946395390075
4416.004410037629       0.6600278135069964
4418.004412034929       0.6625837191042877
4419.004413033579       0.6650180394380495
4420.004414032229       0.6664306438026524
4422.004416029528       0.6702085235808506
4423.004417028178       0.6709549179216862
4424.004418026827       0.6725604705756647
4426.004420024128       0.6756699390649271
4427.004421022777       0.6771937042194499
4428.004422021428       0.6793604167730293
4430.004424018727       0.6812189701907423
4431.004425017377       0.6823770189422554
4432.004426016027       0.6840284956572998
4434.004428013326       0.6859014111298669
4435.004429011976       0.6865160134775918
4436.004430010626       0.6864232911491569
4438.004432007926       0.6878945238770527
4439.004433006575       0.6884444754692778
4441.004435003875       0.6887533338742979
4442.004436002524       0.6895509371339104
4443.004437001175       0.6888149734033565
4445.004438998474       0.6897382558512971
4446.004439997124       0.6887991121267709
4447.004440995773       0.6886341720392588
4449.004442993073       0.687980664388934
4450.004443991723       0.6879701482859332
4451.004444990373       0.687971658851187
4453.004446987673       0.687313662990822
4454.004447986322       0.6860784345394728
4455.004448984972       0.6859203380898223
4457.004450982272       0.68443883606556
4458.004451980922       0.6839370539721789
4460.004453978221       0.6835689376622563
4461.004454976872       0.6821085173263562
4462.004455975521       0.6820439447601139
4464.004457972821       0.6811325204517857
4465.004458971471       0.6807946922114809
4466.0044599701205      0.6805225776294197
4468.00446196742        0.6800749901748
4469.00446296607        0.678688740829122
4470.00446396472        0.6788200921191311
4472.004465962019       0.67775998939599
4473.00446696067        0.6779417506542269
4475.004468957969       0.6768915454399749
4476.004469956619       0.6765211285065055
4477.004470955269       0.676958588437613
4479.004472952568       0.6768630896767152
4480.004473951218       0.6757157740380563
4481.0044749498675      0.6761663469249323
4483.004476947168       0.6757692481991562
4484.004477945818       0.6758403005518904
4485.004478944467       0.6758239935535412
4487.004480941767       0.675767271689643
4488.004481940417       0.6753857852175513
4489.004482939066       0.6755691092827288
4491.004484936367       0.6751908474954982
4492.004485935016       0.6749212384990962
4494.004487932315       0.6752738302743175
4495.004488930965       0.6759097988121735
4496.004489929615       0.6756803668929584
4498.004491926915       0.6760818237958344
4499.004492925565       0.6763962124194624
4500.004493924214       0.676329427521721
4502.004495921514       0.6767375563116048
4503.0044969201645      0.6769847921212565
4505.004498917464       0.6771578403051524
4506.004499916114       0.6772541775567794
4507.0045009147625      0.6785815381314899
4509.004502912063       0.6783571113357738
4510.004503910713       0.6789131845193151
4511.004504909362       0.6799313743395831
4513.004506906663       0.6805875317964769
4514.004507905312       0.6809147509990492
4515.004508903961       0.6809330228324364
4517.004510901261       0.6812836308214092
4518.004511899911       0.68224275932581
4520.004513897211       0.68291999166815
4521.004514895861       0.6839587904904788
4522.00451589451        0.6836896892817802
4524.00451789181        0.6852286140301459
4525.0045188904605      0.6868479285882022
4526.00451988911        0.6862992707052304
4528.00452188641        0.6883889292020555
4529.0045228850595      0.6879453393070007
4531.004524882359       0.6905382602897329
4532.004525881009       0.6902014200655104
4533.004526879659       0.6904948745155425
4535.004528876958       0.6919168439965192
4536.004529875609       0.6931076698373138
4537.004530874257       0.6937120927094229
4539.004532871558       0.6961222747447542
4540.0045338702075      0.6956844618091235
4542.004535867507       0.6978657516058164
4543.004536866158       0.698557288517973
4544.0045378648065      0.6992733204226318
4546.004539862107       0.7003788633285611
4547.004540860756       0.7010322291823953
4548.004541859406       0.7019104467412827
4550.004543856706       0.7035805819897336
4551.004544855356       0.7040052717642358
4553.004546852656       0.705757931111813
4554.004547851305       0.7068839676175388
4555.0045488499545      0.7082477872798133
4557.004550847254       0.7090335381264469
4558.004551845905       0.7103137521689737
4560.004553843204       0.7110569602685988
4561.004554841854       0.7120409672850476
4562.004555840503       0.7135174443820433
4564.004557837803       0.7133268038298662
4565.004558836453       0.7158385337527683
4566.004559835103       0.7157659711530935
4568.004561832402       0.7178779623442403
4569.004562831053       0.7172664242148672
4571.004564828352       0.7195691741334757
4572.004565827002       0.7187689324046438
4573.004566825652       0.7192113664098816
4575.004568822951       0.719321430161938
4576.004569821602       0.7198210303668489
4578.004571818901       0.7199028269410235
4579.004572817551       0.7207918989582754
4580.0045738162 0.7212462277911696
4582.0045758135 0.721092418985202
4583.004576812151       0.7225283421458655
4584.0045778108 0.7214945694657988
4586.0045798081 0.7226904526761506
4587.004580806749       0.7212992035887359
4589.004582804049       0.7224199639333557
4590.004583802699       0.721549895108296
4591.004584801349       0.7213382969949848
4593.004586798649       0.7205282913383434
4594.004587797298       0.7215414870449142
4596.004589794598       0.7199729979471106
4597.004590793247       0.7213816192548399
4598.004591791898       0.7206938328210469
4600.004593789197       0.7206947647486004
4601.004594787847       0.7201557964220662
4603.004596785147       0.7194794084243166
4604.004597783796       0.719366601912109
4605.004598782446       0.7189890121561413
4607.0046007797455      0.7189974454644702
4608.004601778396       0.7189569649425676
4610.004603775696       0.7180588117388488
4611.004604774345       0.7178153262019417
4612.004605772994       0.7173198091378296
4614.004607770295       0.7168380458376785
4615.004608768944       0.716807933248388
4616.004609767595       0.7167261344090559
4618.004611764894       0.7169188148714272
4619.004612763544       0.7166368400727555
4621.004614760843       0.7166535157599009
4622.004615759493       0.7164161951278174
4623.004616758144       0.7159726556903185
4625.004618755443       0.7160676056359672
4626.004619754093       0.715948426930045
4628.004621751393       0.7159934815988416
4629.0046227500425      0.71582864011021
4631.004624747342       0.7162030463788487
4632.004625745991       0.7162360831215338
4633.004626744641       0.7163381466908659
4635.004628741941       0.7166127426972779
4636.004629740591       0.7171216433158593
4638.00463173789        0.7169786066112869
4639.00463273654        0.7176610905825082
4640.00463373519        0.7179644513893805
4642.00463573249        0.7180133853045031
4643.00463673114        0.7188006789583168
4645.004638728439       0.7190472791918912
4646.004639727089       0.7194646042333048
4647.004640725738       0.7198097084726792
4649.004642723039       0.7200632064528452
4650.004643721688       0.7200454881245781
4652.004645718988       0.720603556215981
4653.004646717638       0.7199932752404401
4654.004647716287       0.7204235578126803
4656.004649713588       0.7201734127856154
4657.004650712237       0.7210960239920098
4659.004652709537       0.7207150374652217
4660.004653708185       0.7214158318694799
4661.004654706837       0.7219181720420306
4663.004656704135       0.7215915254276112
4664.004657702786       0.7212114329081943
4666.004659700085       0.7213981076513578
4667.004660698735       0.7207331392000697
4669.004662696035       0.721245007852638
4670.0046636946845      0.7210140024858125
4671.004664693335       0.7214118692811886
4673.004666690634       0.7213451956008492
4674.004667689284       0.7212603855176526
4676.004669686584       0.7207887215376082
4677.004670685234       0.7212870748468491
4678.004671683884       0.721464458208236
4680.004673681183       0.7209297892987742
4681.004674679833       0.7209544906732874
4683.004676677133       0.7200199589177633
4684.004677675783       0.7196576922540792
4686.004679673082       0.7196418525699249
4687.004680671731       0.7192218134160165
4688.0046816703825      0.7193025996710453
4690.004683667681       0.7192489784859667
4691.004684666331       0.7194848017494764
4693.004686663631       0.7191507867604594
4694.004687662281       0.7196726703814944
4696.004689659581       0.7187721038805501
4697.00469065823        0.7202078759461019
4698.00469165688        0.7203362357586968
4700.004693654179       0.721162147444202
4701.00469465283        0.721306157367379
4703.0046966501295      0.7223144940980846
4704.004697648778       0.721517996247008
4706.004699646079       0.7234371223923757
4707.0047006447285      0.7232353297002772
4708.004701643378       0.7243744142238204
4710.004703640678       0.7254671721957933
4711.004704639328       0.7264972741214245
4713.004706636628       0.7279046431071553
4714.004707635278       0.7289118482028737
4716.004709632577       0.7300309139565776
4717.004710631226       0.7312362332730966
4718.0047116298765      0.7318905771930704
4720.004713627176       0.7333282774500383
4721.004714625826       0.7341406416390405
4723.004716623126       0.7353376337339315
4724.004717621775       0.7358651914742191
4726.004719619075       0.7377092621731751
4727.004720617725       0.7381853454331481
4729.004722615024       0.7395731545290922
4730.004723613673       0.7407077142107046
4731.004724612324       0.7408041690918268
4733.0047266096235      0.7422782528978084
4734.004727608273       0.7424433518952754
4736.004729605573       0.7438480900095399
4737.004730604223       0.7441360607319761
4739.004732601522       0.7449038288022487
4740.004733600173       0.7448486702154382
4742.004735597472       0.7459973193764318
4743.004736596122       0.7458151661509148
4744.004737594772       0.7459596301673959
4746.004739592072       0.7461557704608224
4747.004740590721       0.7466480524028231
4749.004742588021       0.7463236008008116
4750.004743586671       0.7469574179631159
4752.00474558397        0.7468194596570301
4753.004746582621       0.7461965386192208
4755.0047485799205      0.7458821128417448
4756.00474957857        0.7462428640132397
4757.004750577219       0.7454619805300801
4759.0047525745185      0.7442949657899502
4760.004753573168       0.744073450816538
4762.004755570469       0.7435393525480717
4763.004756569118       0.743236696138388
4765.004758566418       0.7428414958673599
4766.0047595650685      0.7419608289199657
4768.004761562368       0.7415725365314689
4769.004762561018       0.740966240116543
4771.004764558317       0.7388850430448689
4772.004765556966       0.7386472930529363
4773.004766555618       0.7373547590361492
4775.004768552916       0.735842279470575
4776.004769551566       0.7354390648990744
4778.004771548866       0.7336323697605809
4779.004772547515       0.7335003928286666
4781.004774544816       0.7315437229777427
4782.004775543465       0.7317452157305476
4784.004777540765       0.7299648730399599
4785.004778539415       0.7297989648087639
4787.004780536714       0.7280702263868102
4788.004781535365       0.7279570818272811
4790.004783532664       0.7267893792690913
4791.004784531314       0.7262474359887442
4793.004786528614       0.7255579993230201
4794.004787527263       0.7257839343894998
4795.004788525913       0.7248793757160547
4797.004790523212       0.7243855789632992
4798.004791521863       0.724046584295479
4800.004793519162       0.7233793767556762
4801.004794517812       0.7233503976223329
4803.004796515112       0.7222271195237421
4804.004797513761       0.7228506456245978
4806.004799511061       0.7215277898921599
4807.0048005097115      0.7213444210758608
4809.00480250701        0.7216909726121528
4810.004803505661       0.7206282233039417
4812.00480550296        0.7217385356264315
4813.00480650161        0.7205635795617192
4815.004808498909       0.7216197351808553
4816.004809497559       0.7205756684089887
4818.004811494859       0.721142135425898
4819.004812493509       0.7212910119998975
4821.004814490809       0.721889195746908
4822.0048154894575      0.72209497369036
4824.004817486758       0.7224430840511972
4825.004818485408       0.7229462505967655
4827.004820482707       0.723418247979984
4828.004821481358       0.7244269835341722
4830.004823478656       0.7243438927416526
4831.004824477306       0.72543481857436
4833.0048264746065      0.7255266211596136
4834.004827473256       0.7267640236998519
4836.004829470556       0.7272877435772496
4837.004830469205       0.7282946148902545
4838.004831467856       0.7289942372019537
4840.004833465156       0.7303883618882938
4841.004834463805       0.7312404938934867
4843.004836461105       0.7318096811568077
4844.004837459754       0.7327734555934927
4846.004839457054       0.7332136556480064
4847.004840455704       0.7350803635675209
4849.004842453003       0.734633475434696
4850.004843451653       0.736678781457153
4852.004845448953       0.7368707593913266
4853.004846447603       0.7383410503565666
4855.004848444903       0.738795022582455
4856.004849443551       0.7394267927831664
4858.004851440853       0.7400002600046264
4860.004853438152       0.741149645204815
4861.004854436802       0.7421428539758192
4863.004856434101       0.7431793749284891
4864.004857432751       0.74366545992589
4866.004859430051       0.744464987560171
4867.0048604287 0.7453816656113532
4869.004862426  0.7459907884974271
4870.00486342465        0.7464999533604564
4872.004865421949       0.7472617683242938
4873.0048664206 0.7473813309169978
4875.004868417899       0.7482609003586518
4876.004869416549       0.7488200245388834
4878.004871413849       0.7501159852477403
4879.004872412498       0.7496981196804553
4881.0048744097985      0.7512221835882008
4882.004875408447       0.7509672001937036
4884.004877405747       0.7522436608676331
4885.0048784043975      0.7519824776353077
4887.004880401697       0.7525453610142964
4888.004881400347       0.7526979817815914
4890.004883397646       0.7532912590460686
4891.004884396297       0.7534913256932839
4893.004886393596       0.7532210667598455
4894.004887392246       0.7533199008293814
4896.0048893895455      0.7535854531021201
4897.004890388194       0.7536072036230743
4899.004892385495       0.7535980042766087
4901.004894382794       0.7531787558801711
4902.004895381444       0.7527148736154804
4904.004897378744       0.7531221716829404
4905.004898377394       0.7530847750811107
4907.0049003746935      0.7529468475158325
4908.004901373344       0.7527721430216796
4910.004903370643       0.7520529912474093
4911.004904369293       0.7517851455923431
4913.004906366593       0.7515670411587168
4914.004907365242       0.7510734113739701
4916.004909362542       0.7506937257396877
4917.004910361191       0.7498781495461685
4919.004912358491       0.7493800108675464
4921.004914355791       0.7491312187109059
4922.00491535444        0.7489522946733534
4925.004918350391       0.7481736951031122
4926.00491934904        0.7479956852013586
4928.00492134634        0.746590176962603
4929.00492234499        0.7465429649023589
4931.004924342289       0.7456860113880801
4932.004925340939       0.7454223701596471
4934.004927338239       0.7445455777042511
4935.004928336888       0.7448293594873396
4936.004929335539       0.7439276157783405
4938.004931332839       0.7442944286146821
4939.004932331488       0.7429434201476466
4941.004934328788       0.7432478478492547
4942.004935327437       0.7425246048696055
4944.004937324737       0.7423163427515109
4945.004938323387       0.7410096503622968
4947.004940320686       0.7408796271173059
4948.004941319337       0.7400691555149013
4950.004943316636       0.7394882856590348
4951.004944315286       0.7387881417562403
4953.004946312586       0.7384766764967226
4954.004947311235       0.7379270700569688
4956.004949308534       0.7370806599251051
4957.004950307184       0.7367989925724332
4959.0049523044845      0.7359680407990864
4960.004953303134       0.7354074114010949
4962.004955300434       0.7349860321263951
4963.004956299084       0.7346364885481779
4965.004958296384       0.7341706425957263
4966.004959295034       0.7339577059827598
4968.004961292333       0.7334011383657068
4969.004962290982       0.7329792796661887
4971.004964288282       0.7325367880810096
4972.004965286932       0.7325767009058468
4973.004966285582       0.7318304117606984
4975.004968282881       0.7323276403927157
4976.004969281532       0.7319107532015695
4978.004971278832       0.7314799511641157
4979.004972277481       0.7316723632288529
4981.0049742747815      0.7312472981595107
4982.004975273429       0.7306681689551545
4984.00497727073        0.7310289646042966
4985.0049782693795      0.7304525354722514
4987.004980266679       0.7305687025173689
4988.00498126533        0.7305360817260925
4990.004983262629       0.7308473409912678
4991.004984261279       0.7310023170046767
4993.004986258578       0.7316392537985196
4994.004987257228       0.7310228457808796
4996.0049892545285      0.7320664812160919
4997.004990253177       0.7321045420156547
4999.004992250477       0.7326047587459175
5000.004993249127       0.7329880451892757
5002.004995246426       0.7333660929273532
5003.004996245078       0.7337085041742525
5005.004998242376       0.7342986289538125
5006.004999241026       0.7348076987673821
5008.005001238326       0.7355756402994751
5009.005002236976       0.7361402652703954
5011.005004234276       0.7364068602097611
5012.005005232924       0.7372616569434141
5014.005007230225       0.7380503101489824
5015.0050082288735      0.7381780144703902
5017.005010226174       0.7388363959859873
5018.005011224824       0.7393878401783902
5020.005013222124       0.7397851000074742
5021.005014220773       0.7403403188933154
5023.005016218074       0.7404008782702155
5024.005017216723       0.7408201708196717
5026.005019214023       0.7417600204678058
5027.005020212672       0.7419886742352109
5029.005022209973       0.7424887459695064
5030.005023208622       0.7430726472151828
5032.005025205921       0.7434746728492909
5033.0050262045725      0.7438243111718797
5035.005028201871       0.7446328585966561
5036.005029200522       0.7443051519740348
5038.005031197821       0.7455092988752555
5039.00503219647        0.7456438340368763
5041.0050341937695      0.7462705834543885
5042.00503519242        0.7465980394987259
5044.00503718972        0.7473975604928695
5045.005038188368       0.7477032948961615
5047.005040185669       0.7481409436621406
5048.0050411843185      0.7481678069994272
5050.005043181619       0.7488451789287806
5051.005044180269       0.7484464266810061
5053.005046177568       0.7495939059390873
5055.005048174868       0.7486180896693182
5056.005049173517       0.7495012033623435
5058.005051170818       0.7492664116374534
5059.005052169467       0.7492410378930373
5061.005054166766       0.7495148293109031
5062.005055165417       0.7491617456125567
5064.005057162716       0.7495188260324552
5065.005058161366       0.749171664457224
5067.0050601586645      0.7498663814019564
5068.005061157316       0.7488646701460749
5070.005063154615       0.7492212962531838
5071.005064153265       0.7487199187959139
5073.005066150565       0.7487807684867073
5074.005067149214       0.7486135371262778
5076.005069146514       0.748995637553106
5077.005070145164       0.7486260898230928
5079.005072142463       0.7487446526840961
5080.005073141113       0.7490737275841413
5082.005075138412       0.7480330402091884
5083.005076137063       0.7487325521801743
5085.005078134362       0.7481269417589067
5087.005080131661       0.7484961525816566
5088.005081130312       0.7479761853176966
5090.005083127612       0.748493495530638
5091.005084126261       0.7479154709108241
5093.005086123561       0.747496350911896
5094.00508712221        0.7475387754549017
5096.0050891195115      0.7468978518518984
5097.00509011816        0.746982283480471
5099.00509211546        0.7472098319814372
5100.0050931141095      0.7462531751767244
5102.005095111409       0.7466660588547863
5103.005096110061       0.7465782047513431
5105.005098107359       0.7458675100523023
5106.005099106009       0.7465157474607874
5108.005101103309       0.7455814387808883
5110.005103100608       0.7451938599861729
5111.005104099258       0.7454962193891089
5113.005106096558       0.7458971446126937
5114.005107095207       0.745475280036926
5116.005109092507       0.7457372069311526
5117.005110091157       0.7454870897112199
5119.005112088456       0.7455317783085217
5120.005113087107       0.745194387485696
5122.0051150844065      0.7446901873740506
5123.005116083055       0.7447358306597355
5125.005118080355       0.743907214585024
5127.005120077655       0.744145225892937
5128.005121076304       0.7440769888657776
5130.005123073604       0.7439160275297831
5131.005124072254       0.7436758022867253
5133.0051260695545      0.7434093868147997
5134.005127068203       0.7436359524404977
5136.005129065503       0.7429366221025083
5137.0051300641535      0.742866949330908
5139.005132061453       0.7424485752954335
5141.005134058752       0.7421547370352625
5142.005135057402       0.7417569299357384
5144.005137054702       0.7419542164441572
5145.005138053352       0.7414930860803156
5147.005140050652       0.7416705265075261
5148.0051410493015      0.7418155994515777
5150.005143046601       0.7414799613265444
5152.0051450439005      0.7418599886052971
5153.00514604255        0.7407963155218925
5155.00514803985        0.741537447527492
5156.0051490385 0.7410430817922914
5158.0051510358 0.7415108943064018
5159.00515203445        0.7412566699386799
5161.005154031749       0.740908543096238
5162.0051550304 0.7410351634737176
5164.005157027699       0.7406775034814617
5166.005159024999       0.7404286959700133
5167.0051600236475      0.740698612830293
5169.005162020948       0.7400860032075441
5170.005163019598       0.7404698008774803
5172.005165016898       0.7396244063479221
5174.005167014197       0.7405187148723131
5175.005168012847       0.7399923143355545
5177.005170010147       0.7404971118827482
5178.0051710087955      0.7404697533521131
5180.005173006095       0.7405843351210553
5181.005174004746       0.7405872298926959
5183.005176002044       0.7405939221784407
5185.0051779993455      0.7405494363555911
5186.005178997994       0.7409072125656512
5188.005180995295       0.741106393444271
5189.005181993944       0.7406475195175833
5191.005183991245       0.7412075459444469
5193.0051859885425      0.7412971780161266
5194.005186987193       0.7415577743993594
5196.005188984493       0.7419818905122462
5197.005189983143       0.7417183814769971
5199.005191980442       0.7422666473545106
5200.0051929790925      0.7427315703574143
5202.005194976392       0.7426592595376803
5204.005196973692       0.7430392432849082
5205.005197972341       0.7429372123973975
5207.005199969641       0.7436021762298896
5208.00520096829        0.743644070809171
5210.005202965591       0.7442309474466479
5212.00520496289        0.7451442419090752
5213.00520596154        0.7449069145821539
5215.0052079588395      0.7455370137626489
5216.00520895749        0.7455221020556451
5218.005210954789       0.7453013485641072
5220.005212952088       0.745781814418532
5221.005213950739       0.7454661691866905
5223.005215948038       0.7458308434102804
5225.005217945338       0.7457844292478402
5226.0052189439875      0.74588610847838
5228.005220941287       0.7457333694141322
5229.005221939937       0.7455899612010936
5231.005223937237       0.7456096951781506
5233.005225934536       0.7455500804713381
5234.005226933186       0.7452619192242105
5236.005228930486       0.7450558739438742
5237.0052299291365      0.7445479880020963
5239.005231926435       0.7445894684302069
5241.0052339237345      0.7442099994659725
5242.005234922385       0.7440091798803296
5244.005236919685       0.743434714646867
5246.005238916985       0.742525805534267
5247.005239915634       0.7421271355472636
5249.005241912933       0.7417938000275488
5250.005242911584       0.7409638072859313
5252.0052449088835      0.7401930705019766
5254.005246906182       0.7394499427561873
5255.005247904833       0.7389080941892682
5257.005249902132       0.7377947897801542
5259.005251899433       0.736176616679208
5260.005252898081       0.7360866820068355
5262.005254895383       0.735590392398643
5264.00525689268        0.7342395630257211
5265.005257891331       0.7343496569778831
5267.0052598886305      0.7328643886347831
5268.00526088728        0.7329692952599415
5270.00526288458        0.7317605866300054
5272.00526488188        0.7313124501407343
5273.005265880529       0.7307815311269391
5275.00526787783        0.7302946109712546
5277.00526987513        0.7301582402307463
5278.0052708737785      0.7298826676786616
5280.005272871078       0.7294392003938784
5282.005274868378       0.7293130276100259
5283.005275867027       0.7294291979265335
5285.005277864328       0.7291749230656741
5287.005279861627       0.7291833197267378
5288.005280860276       0.7290419704981117
5290.005282857577       0.7290613701819294
5292.005284854877       0.7291799707110844
5293.0052858535255      0.7297665877660333
5295.005287850826       0.7293434503626615
5297.005289848125       0.7304652313796924
5298.005290846775       0.7305085080826027
5300.005292844075       0.7307678670186375
5302.005294841375       0.7317178825363722
5303.005295840025       0.7318037739050148
5305.005297837324       0.7323175127081097
5307.005299834624       0.7326815987645716
5308.005300833273       0.733613844900822
5310.005302830573       0.733215371217726
5312.005304827872       0.7342489344214974
5313.005305826522       0.7341203204076477
5315.0053078238225      0.7355517170213305
5317.005309821123       0.7353237419533223
5318.005310819772       0.7361398106820171
5320.005312817071       0.7360185114416137
5322.005314814371       0.7364843801576081
5323.00531581302        0.7366200617175764
5325.00531781032        0.7367242262983242
5327.00531980762        0.7369702157329808
5329.00532180492        0.7370514166057923
5330.00532280357        0.7364642998537381
5332.00532480087        0.7370862314206779
5334.005326798168       0.7361472013123861
5335.005327796818       0.7365948499517329
5337.005329794119       0.7357756159575356
5339.005331791418       0.7370538983283824
5340.005332790068       0.73553921897168
5342.005334787368       0.7365306277562059
5344.005336784667       0.7350043799010042
5346.005338781966       0.735119962401189
5347.005339780617       0.7345591384266053
5349.005341777916       0.7344502151614588
5351.005343775216       0.7335704278099642
5352.0053447738655      0.7335194244323525
5354.005346771165       0.7327546823437633
5356.005348768465       0.7331126364217488
5358.005350765765       0.7325638104630481
5359.005351764414       0.7320120304055237
5361.005353761715       0.731697630225067
5363.005355759014       0.7310121579715649
5364.005356757663       0.7309408848224823
5366.005358754963       0.730523984968124
5368.005360752263       0.729728144264142
5370.005362749563       0.7288343802062173
5371.005363748212       0.7287527205712631
5373.005365745512       0.7279527822072336
5375.005367742811       0.7274125417276891
5377.005369740111       0.7268987478281688
5378.005370738761       0.7264883383448406
5380.00537273606        0.7254778319916285
5382.005374733361       0.7243998412370866
5384.005376730661       0.7234898283316048
5385.005377729311       0.7229020903707349
5387.00537972661        0.72159537242695
5389.0053817239095      0.7200408798324438
5391.005383721208       0.7188218860614976
5392.005384719859       0.7182064542186809
5394.005386717159       0.7164480555692898
5396.005388714458       0.7150146238817503
5398.005390711758       0.7143516376933956
5400.005392709058       0.7117790391912727
5401.005393707706       0.7117161133326871
5403.005395705006       0.7098320659178337
5405.005397702306       0.7077981344358799
5407.005399699607       0.705691476645687
5408.005400698256       0.7047190909627808
5410.005402695556       0.7023762661456456
5412.005404692855       0.6994508532688868
5414.005406690156       0.6958711633277296
5416.005408687453       0.6906336192582417
5417.005409686104       0.6877543086163451
5419.0054116834035      0.681172633871715
5421.005413680704       0.6723599110222626
5423.005415678003       0.6612950635440195
5425.005417675303       0.6481185114655731
5426.005418673953       0.6401590363209031
5428.005420671252       0.6236373358740924
5430.005422668552       0.6027105276914503
5432.005424665851       0.5796046368982282
5434.005426663152       0.5533886688760139
5435.005427661801       0.5394079517301422
5437.0054296591015      0.5090073149506357
5439.005431656401       0.4770305357014419
5441.0054336537 0.4443469369555708
5443.005435650999       0.4095441738715002
5444.00543664965        0.3927758245600261
5446.005438646949       0.35750491290071307
5448.005440644249       0.32352028762139895
5450.005442641549       0.28985288881199717
5452.0054446388485      0.2580209083522321
5454.005446636148       0.22803620893987078
5456.005448633447       0.2000837132949742
5457.005449632097       0.18721098027008107
5459.0054516293985      0.16325019160703283
5461.005453626696       0.14155323056766117
5463.005455623997       0.12267880725118777
5465.005457621296       0.10573183178326812
5467.0054596185955      0.09102252654484666
5469.005461615896       0.0783153716538743
5470.005462614545       0.07268015300290505
5472.005464611846       0.06263874693734421
5474.0054666091455      0.0541444944608196
5476.005468606444       0.046708096117404244
5478.005470603744       0.040530372346573015
5480.005472601043       0.03504036168923034
5482.005474598343       0.030579516563434318
5484.005476595643       0.026563106393720906
5485.005477594292       0.02493193264703839
5487.005479591593       0.021763177136542283
5489.0054815888925      0.01913892921568367
5491.005483586191       0.016846029461069015
5493.005485583491       0.01491735808406884
5495.005487580791       0.013204741191811836
5497.00548957809        0.011743239728018877
5499.005491575391       0.010451401298485614
5501.005493572689       0.009350148617995982
5503.005495569989       0.00836422061322674
5504.0054965686395      0.007937385025726789
5506.005498565938       0.00717577178892852
5508.0055005632385      0.006452819542168462
5510.005502560538       0.005867138114568095
5512.005504557838       0.005321194993539919
5514.005506555139       0.004854092082140554
5516.005508552436       0.004471686037107172
5518.005510549737       0.004084580919402739
5520.005512547036       0.0037794275845572387
5522.005514544336       0.0034742539523445635
5524.005516541636       0.0032156113786785947
5526.005518538936       0.002977599983341959
5528.005520536235       0.0027683661135670347
5530.0055225335345      0.0025852388676214323
5532.005524530834       0.0024097332510011216
5534.005526528134       0.0022740445664536034
5536.005528525433       0.0021366847331392804
5538.005530522733       0.0020017127130586114
5540.005532520034       0.001902764581178627
5542.005534517333       0.001764658462858218
5544.005536514633       0.001703989906814325
5546.005538511931       0.0016135211014255471
5548.005540509231       0.0015481545625206324
5550.005542506531       0.001483995509695729
5552.0055445038315      0.0014110130620357975
5554.005546501131       0.0013469589417434036
5556.00554849843        0.001297953807875344
5558.005550495729       0.0012344238089562639
5560.005552493029       0.0011795322294757106
5562.005554490329       0.0011343571215296808
5564.005556487629       0.0010890804786027556
5566.005558484929       0.0010619221437412295
5568.005560482228       0.0010169094461507631
5570.005562479528       0.0009807412358098888
5572.005564476827       0.0009335842652628268
5574.005566474127       0.0008837906764302513
5576.005568471426       0.0008509015985244878
5578.005570468727       0.0008243900200945248
5580.005572466026       0.0007922419976510689
5582.005574463326       0.0007671344788154162
5584.005576460626       0.0007487872221686755
5586.0055784579245      0.0007183070714639553
5589.005581453875       0.0006860192134123495
5591.005583451174       0.0006784645206438193
5593.0055854484735      0.0006476021351381234
5595.005587445774       0.0006323861257616108
5597.005589443073       0.0006202793391412416
5599.005591440373       0.0006029232096555126
5601.005593437671       0.000599546948319
5603.005595434971       0.000591802293605858
5605.005597432272       0.0005755328400160241
5608.005600428221       0.0005586920009237435
5610.005602425521       0.0005461234640705604
5612.00560442282        0.0005297477071750646
5614.00560642012        0.0005207744023232164
5616.005608417418       0.0004994324637787767
5618.00561041472        0.0004889430859220617
5621.005613410669       0.0004687134128203997
5623.005615407968       0.00045723599976358936
5625.005617405268       0.0004499219410418184
5627.005619402567       0.000437622441249805
5629.005621399867       0.0004285721875302095
5632.005624395817       0.00041647960306365406
5634.005626393117       0.00041064707995393826
5636.005628390416       0.0004064582561061017
5638.005630387715       0.00040371192981579934
5640.005632385015       0.0004020265974273656
5643.005635380965       0.0004010649672692936
5645.0056373782645      0.0004010226042939709
5647.005639375565 0.0004009824959201112
