 1702.33     0.4750E-14
 1703.70     0.5726E-14
 1705.08     0.1315E-13
 1706.45     0.1077E-14
 1707.82     0.9936E-14
 1709.19     0.1079E-13
 1710.56     0.8043E-14
 1711.93     0.1314E-14
 1713.30     0.3383E-14
 1714.68     0.5034E-14
 1716.05     0.1102E-13
 1717.42     0.1116E-13
 1718.79     0.5644E-14
 1720.16     0.2013E-13
 1721.53     0.1653E-13
 1722.90     0.1722E-13
 1724.28     0.1742E-13
 1725.65     0.1628E-13
 1727.02     0.2241E-13
 1728.39     0.1783E-13
 1729.76     0.1776E-13
 1731.13     0.2116E-13
 1732.50     0.1987E-13
 1733.88     0.2058E-13
 1735.25     0.2199E-13
 1736.62     0.2109E-13
 1737.99     0.2322E-13
 1739.36     0.2887E-13
 1740.73     0.3458E-13
 1742.11     0.2961E-13
 1743.48     0.3203E-13
 1744.85     0.3012E-13
 1746.22     0.2847E-13
 1747.59     0.3669E-13
 1748.96     0.3671E-13
 1750.34     0.3592E-13
 1751.71     0.3863E-13
 1753.08     0.3815E-13
 1754.45     0.4334E-13
 1755.82     0.4595E-13
 1757.19     0.4594E-13
 1758.57     0.4642E-13
 1759.94     0.4420E-13
 1761.31     0.4218E-13
 1762.68     0.4323E-13
 1764.05     0.4295E-13
 1765.43     0.5177E-13
 1766.80     0.4637E-13
 1768.17     0.5187E-13
 1769.54     0.5604E-13
 1770.91     0.5950E-13
 1772.29     0.5668E-13
 1773.66     0.5803E-13
 1775.03     0.5952E-13
 1776.40     0.6145E-13
 1777.77     0.6321E-13
 1779.15     0.6743E-13
 1780.52     0.6239E-13
 1781.89     0.6323E-13
 1783.26     0.6487E-13
 1784.63     0.6881E-13
 1786.01     0.6709E-13
 1787.38     0.7309E-13
 1788.75     0.7758E-13
 1790.12     0.7767E-13
 1791.49     0.7533E-13
 1792.87     0.7241E-13
 1794.24     0.7012E-13
 1795.61     0.7046E-13
 1796.98     0.7522E-13
 1798.35     0.7996E-13
 1799.73     0.8423E-13
 1801.10     0.8439E-13
 1802.47     0.7810E-13
 1803.84     0.7475E-13
 1805.22     0.5708E-13
 1806.59     0.5704E-13
 1807.96     0.7019E-13
 1809.33     0.8204E-13
 1810.70     0.7656E-13
 1812.08     0.7272E-13
 1813.45     0.7431E-13
 1814.82     0.7627E-13
 1816.19     0.7486E-13
 1817.57     0.7305E-13
 1818.94     0.7008E-13
 1820.31     0.8011E-13
 1821.68     0.8360E-13
 1823.06     0.8322E-13
 1824.43     0.7450E-13
 1825.80     0.7988E-13
 1827.17     0.8376E-13
 1828.55     0.8643E-13
 1829.92     0.8448E-13
 1831.29     0.8921E-13
 1832.66     0.8850E-13
 1834.04     0.8472E-13
 1835.41     0.8681E-13
 1836.78     0.8292E-13
 1838.15     0.7062E-13
 1839.53     0.6842E-13
 1840.90     0.8178E-13
 1842.27     0.7430E-13
 1843.64     0.6607E-13
 1845.02     0.5622E-13
 1846.39     0.5629E-13
 1847.76     0.6589E-13
 1849.13     0.5797E-13
 1850.51     0.6507E-13
 1851.88     0.8133E-13
 1853.25     0.8988E-13
 1854.62     0.8977E-13
 1856.00     0.8754E-13
 1857.37     0.8599E-13
 1858.74     0.9217E-13
 1860.11     0.9178E-13
 1861.49     0.9240E-13
 1862.86     0.8808E-13
 1864.23     0.9463E-13
 1865.61     0.1031E-12
 1866.98     0.1040E-12
 1868.35     0.1044E-12
 1869.72     0.1033E-12
 1871.10     0.1006E-12
 1872.47     0.9884E-13
 1873.84     0.9439E-13
 1875.21     0.9397E-13
 1876.59     0.9699E-13
 1877.96     0.1014E-12
 1879.33     0.9992E-13
 1880.71     0.1091E-12
 1882.08     0.1122E-12
 1883.45     0.1161E-12
 1884.82     0.1152E-12
 1886.20     0.1094E-12
 1887.57     0.1136E-12
 1888.94     0.1135E-12
 1890.32     0.1121E-12
 1891.69     0.1122E-12
 1893.06     0.1169E-12
 1894.44     0.1119E-12
 1895.81     0.1090E-12
 1897.18     0.1011E-12
 1898.55     0.9751E-13
 1899.93     0.1003E-12
 1901.30     0.1128E-12
 1902.67     0.1138E-12
 1904.05     0.1141E-12
 1905.42     0.1183E-12
 1906.79     0.1182E-12
 1908.17     0.1147E-12
 1909.54     0.1204E-12
 1910.91     0.1232E-12
 1912.28     0.1238E-12
 1913.66     0.1298E-12
 1915.03     0.1265E-12
 1916.40     0.1271E-12
 1917.78     0.1334E-12
 1919.15     0.1347E-12
 1920.52     0.1313E-12
 1921.90     0.1302E-12
 1923.27     0.1243E-12
 1924.64     0.1255E-12
 1926.02     0.1235E-12
 1927.39     0.1096E-12
 1928.76     0.9135E-13
 1930.14     0.9831E-13
 1931.51     0.1114E-12
 1932.88     0.1162E-12
 1934.26     0.1176E-12
 1935.63     0.1260E-12
 1937.00     0.1398E-12
 1938.37     0.1398E-12
 1939.75     0.1437E-12
 1941.12     0.1477E-12
 1942.49     0.1430E-12
 1943.87     0.1404E-12
 1945.24     0.1421E-12
 1946.61     0.1461E-12
 1947.99     0.1424E-12
 1949.36     0.1392E-12
 1950.73     0.1353E-12
 1952.11     0.1458E-12
 1953.48     0.1398E-12
 1954.85     0.1392E-12
 1956.23     0.1404E-12
 1957.60     0.1441E-12
 1958.97     0.1366E-12
 1960.35     0.1376E-12
 1961.72     0.1395E-12
 1963.09     0.1486E-12
 1964.47     0.1545E-12
 1965.84     0.1560E-12
 1967.22     0.1583E-12
 1968.59     0.1564E-12
 1969.96     0.1516E-12
 1971.34     0.1498E-12
 1972.71     0.1461E-12
 1974.08     0.1453E-12
 1975.46     0.1446E-12
 1976.83     0.1404E-12
 1978.20     0.1431E-12
 1979.58     0.1464E-12
 1980.95     0.1475E-12
 1982.32     0.1450E-12
 1983.70     0.1427E-12
 1985.07     0.1420E-12
 1986.44     0.1396E-12
 1987.82     0.1376E-12
 1989.19     0.1455E-12
 1990.56     0.1505E-12
 1991.94     0.1494E-12
 1993.31     0.1502E-12
 1994.69     0.1531E-12
 1996.06     0.1546E-12
 1997.43     0.1492E-12
 1998.81     0.1487E-12
 2000.18     0.1537E-12
 2001.55     0.1542E-12
 2002.93     0.1490E-12
 2004.30     0.1552E-12
 2005.67     0.1502E-12
 2007.05     0.1566E-12
 2008.42     0.1572E-12
 2009.80     0.1489E-12
 2011.17     0.1580E-12
 2012.54     0.1602E-12
 2013.92     0.1610E-12
 2015.29     0.1585E-12
 2016.66     0.1625E-12
 2018.04     0.1566E-12
 2019.41     0.1542E-12
 2020.79     0.1532E-12
 2022.16     0.1531E-12
 2023.53     0.1424E-12
 2024.91     0.1358E-12
 2026.28     0.1571E-12
 2027.65     0.1645E-12
 2029.03     0.1702E-12
 2030.40     0.1694E-12
 2031.78     0.1612E-12
 2033.15     0.1645E-12
 2034.52     0.1665E-12
 2035.90     0.1720E-12
 2037.27     0.1673E-12
 2038.64     0.1679E-12
 2040.02     0.1740E-12
 2041.39     0.1833E-12
 2042.77     0.1814E-12
 2044.14     0.1853E-12
 2045.51     0.1889E-12
 2046.89     0.1917E-12
 2048.26     0.1901E-12
 2049.64     0.1875E-12
 2051.01     0.1883E-12
 2052.38     0.1791E-12
 2053.76     0.1637E-12
 2055.13     0.1655E-12
 2056.50     0.1704E-12
 2057.88     0.1732E-12
 2059.25     0.1748E-12
 2060.63     0.1655E-12
 2062.00     0.1753E-12
 2063.37     0.1792E-12
 2064.75     0.1775E-12
 2066.12     0.1825E-12
 2067.50     0.1900E-12
 2068.87     0.1923E-12
 2070.24     0.1980E-12
 2071.62     0.1988E-12
 2072.99     0.2022E-12
 2074.37     0.2076E-12
 2075.74     0.2045E-12
 2077.11     0.2030E-12
 2078.49     0.2017E-12
 2079.86     0.1933E-12
 2081.24     0.1934E-12
 2082.61     0.1948E-12
 2083.98     0.1988E-12
 2085.36     0.2051E-12
 2086.73     0.2020E-12
 2088.11     0.2013E-12
 2089.48     0.1998E-12
 2090.85     0.2010E-12
 2092.23     0.1949E-12
 2093.60     0.1931E-12
 2094.98     0.2004E-12
 2096.35     0.1996E-12
 2097.72     0.1998E-12
 2099.10     0.1937E-12
 2100.47     0.1972E-12
 2101.85     0.1911E-12
 2103.22     0.2030E-12
 2104.59     0.2044E-12
 2105.97     0.1930E-12
 2107.34     0.1853E-12
 2108.72     0.1851E-12
 2110.09     0.1911E-12
 2111.47     0.1895E-12
 2112.84     0.1913E-12
 2114.21     0.2056E-12
 2115.59     0.2126E-12
 2116.96     0.2129E-12
 2118.34     0.2136E-12
 2119.71     0.2085E-12
 2121.08     0.1854E-12
 2122.46     0.1630E-12
 2123.83     0.1711E-12
 2125.21     0.1953E-12
 2126.58     0.1947E-12
 2127.96     0.1873E-12
 2129.33     0.1793E-12
 2130.70     0.1730E-12
 2132.08     0.1668E-12
 2133.45     0.1649E-12
 2134.83     0.1815E-12
 2136.20     0.1914E-12
 2137.57     0.1876E-12
 2138.95     0.1964E-12
 2140.32     0.2062E-12
 2141.70     0.2084E-12
 2143.07     0.2055E-12
 2144.45     0.2019E-12
 2145.82     0.1981E-12
 2147.19     0.2007E-12
 2148.57     0.1983E-12
 2149.94     0.1904E-12
 2151.32     0.2029E-12
 2152.69     0.2053E-12
 2154.07     0.2022E-12
 2155.44     0.2001E-12
 2156.81     0.1880E-12
 2158.19     0.1802E-12
 2159.56     0.1933E-12
 2160.94     0.2012E-12
 2162.31     0.2001E-12
 2163.69     0.1872E-12
 2165.06     0.1786E-12
 2166.43     0.1878E-12
 2167.81     0.1936E-12
 2169.18     0.1989E-12
 2170.56     0.1976E-12
 2171.93     0.1944E-12
 2173.31     0.1877E-12
 2174.68     0.1920E-12
 2176.05     0.1957E-12
 2177.43     0.2120E-12
 2178.80     0.2240E-12
 2180.18     0.2330E-12
 2181.55     0.2253E-12
 2182.93     0.2150E-12
 2184.30     0.2146E-12
 2185.67     0.2019E-12
 2187.05     0.2155E-12
 2188.42     0.2216E-12
 2189.80     0.2230E-12
 2191.17     0.2293E-12
 2192.55     0.2427E-12
 2193.92     0.2431E-12
 2195.29     0.2397E-12
 2196.67     0.2441E-12
 2198.04     0.2377E-12
 2199.42     0.2247E-12
 2200.79     0.2383E-12
 2202.17     0.2460E-12
 2203.54     0.2405E-12
 2204.92     0.2238E-12
 2206.29     0.2138E-12
 2207.66     0.2045E-12
 2209.04     0.1854E-12
 2210.41     0.1930E-12
 2211.79     0.2135E-12
 2213.16     0.2124E-12
 2214.54     0.2024E-12
 2215.91     0.1937E-12
 2217.28     0.2174E-12
 2218.66     0.2260E-12
 2220.03     0.2289E-12
 2221.41     0.2289E-12
 2222.78     0.2290E-12
 2224.16     0.2282E-12
 2225.53     0.2265E-12
 2226.91     0.2320E-12
 2228.28     0.2419E-12
 2229.65     0.2447E-12
 2231.03     0.2531E-12
 2232.40     0.2554E-12
 2233.78     0.2576E-12
 2235.15     0.2554E-12
 2236.53     0.2546E-12
 2237.90     0.2574E-12
 2239.28     0.2482E-12
 2240.65     0.2350E-12
 2242.02     0.2311E-12
 2243.40     0.2272E-12
 2244.77     0.2363E-12
 2246.15     0.2336E-12
 2247.52     0.2219E-12
 2248.90     0.2192E-12
 2250.27     0.2236E-12
 2251.65     0.2178E-12
 2253.02     0.2137E-12
 2254.39     0.2195E-12
 2255.77     0.2312E-12
 2257.14     0.2261E-12
 2258.52     0.2156E-12
 2259.89     0.2242E-12
 2261.27     0.2295E-12
 2262.64     0.2222E-12
 2264.02     0.2160E-12
 2265.39     0.2120E-12
 2266.76     0.2143E-12
 2268.14     0.2241E-12
 2269.51     0.2288E-12
 2270.89     0.2311E-12
 2272.26     0.2309E-12
 2273.64     0.2252E-12
 2275.01     0.2251E-12
 2276.39     0.2337E-12
 2277.76     0.2373E-12
 2279.14     0.2462E-12
 2280.51     0.2571E-12
 2281.88     0.2435E-12
 2283.26     0.2498E-12
 2284.63     0.2455E-12
 2286.01     0.2324E-12
 2287.38     0.2405E-12
 2288.76     0.2329E-12
 2290.13     0.2322E-12
 2291.51     0.2352E-12
 2292.88     0.2357E-12
 2294.25     0.2306E-12
 2295.63     0.2096E-12
 2297.00     0.2035E-12
 2298.38     0.2183E-12
 2299.75     0.2271E-12
 2301.13     0.2304E-12
 2302.50     0.2339E-12
 2303.88     0.2520E-12
 2305.25     0.2504E-12
 2306.62     0.2449E-12
 2308.00     0.2464E-12
 2309.37     0.2341E-12
 2310.75     0.2168E-12
 2312.12     0.2225E-12
 2313.50     0.2382E-12
 2314.87     0.2463E-12
 2316.25     0.2455E-12
 2317.62     0.2409E-12
 2319.00     0.2369E-12
 2320.37     0.2502E-12
 2321.74     0.2585E-12
 2323.12     0.2430E-12
 2324.49     0.2201E-12
 2325.87     0.2197E-12
 2327.24     0.2419E-12
 2328.62     0.2334E-12
 2329.99     0.2017E-12
 2331.37     0.1950E-12
 2332.74     0.2170E-12
 2334.11     0.2322E-12
 2335.49     0.2098E-12
 2336.86     0.1954E-12
 2338.24     0.2126E-12
 2339.61     0.2149E-12
 2340.99     0.1850E-12
 2342.36     0.1436E-12
 2343.74     0.1510E-12
 2345.11     0.1670E-12
 2346.49     0.1697E-12
 2347.86     0.2074E-12
 2349.23     0.2347E-12
 2350.61     0.2467E-12
 2351.98     0.2395E-12
 2353.36     0.2279E-12
 2354.73     0.2411E-12
 2356.11     0.2356E-12
 2357.48     0.1939E-12
 2358.86     0.1776E-12
 2360.23     0.2114E-12
 2361.60     0.2223E-12
 2362.98     0.2090E-12
 2364.35     0.2111E-12
 2365.73     0.2219E-12
 2367.10     0.2312E-12
 2368.48     0.2413E-12
 2369.85     0.2454E-12
 2371.23     0.2265E-12
 2372.60     0.2021E-12
 2373.97     0.2219E-12
 2375.35     0.2422E-12
 2376.72     0.2197E-12
 2378.10     0.1812E-12
 2379.47     0.1414E-12
 2380.85     0.1123E-12
 2382.22     0.1535E-12
 2383.60     0.2053E-12
 2384.97     0.2213E-12
 2386.34     0.1908E-12
 2387.72     0.1955E-12
 2389.09     0.2367E-12
 2390.47     0.2447E-12
 2391.84     0.2305E-12
 2393.22     0.1772E-12
 2394.59     0.1620E-12
 2395.97     0.1967E-12
 2397.34     0.1915E-12
 2398.71     0.2057E-12
 2400.09     0.2288E-12
 2401.46     0.2110E-12
 2402.84     0.1668E-12
 2404.21     0.1517E-12
 2405.59     0.1753E-12
 2406.96     0.2029E-12
 2408.34     0.1851E-12
 2409.71     0.1620E-12
 2411.08     0.1913E-12
 2412.46     0.2076E-12
 2413.83     0.2386E-12
 2415.21     0.2475E-12
 2416.58     0.2594E-12
 2417.96     0.2710E-12
 2419.33     0.2839E-12
 2420.71     0.2786E-12
 2422.08     0.2541E-12
 2423.45     0.2546E-12
 2424.83     0.2727E-12
 2426.20     0.2727E-12
 2427.58     0.2615E-12
 2428.95     0.2676E-12
 2430.33     0.2701E-12
 2431.70     0.2536E-12
 2433.08     0.2388E-12
 2434.45     0.2355E-12
 2435.82     0.2473E-12
 2437.20     0.2535E-12
 2438.57     0.2577E-12
 2439.95     0.2777E-12
 2441.32     0.2797E-12
 2442.70     0.2672E-12
 2444.07     0.2613E-12
 2445.44     0.2607E-12
 2446.82     0.2643E-12
 2448.19     0.2562E-12
 2449.57     0.2466E-12
 2450.94     0.2506E-12
 2452.32     0.2546E-12
 2453.69     0.2633E-12
 2455.06     0.2682E-12
 2456.44     0.2721E-12
 2457.81     0.2646E-12
 2459.19     0.2540E-12
 2460.56     0.2383E-12
 2461.94     0.2413E-12
 2463.31     0.2509E-12
 2464.69     0.2523E-12
 2466.06     0.2520E-12
 2467.43     0.2596E-12
 2468.81     0.2571E-12
 2470.18     0.2508E-12
 2471.56     0.2416E-12
 2472.93     0.2606E-12
 2474.31     0.2537E-12
 2475.68     0.2433E-12
 2477.05     0.2345E-12
 2478.43     0.2410E-12
 2479.80     0.2522E-12
 2481.18     0.2210E-12
 2482.55     0.2080E-12
 2483.93     0.2390E-12
 2485.30     0.2376E-12
 2486.67     0.2134E-12
 2488.05     0.1966E-12
 2489.42     0.1995E-12
 2490.80     0.2220E-12
 2492.17     0.2505E-12
 2493.54     0.2762E-12
 2494.92     0.2790E-12
 2496.29     0.2774E-12
 2497.67     0.2821E-12
 2499.04     0.2761E-12
 2500.42     0.2551E-12
 2501.79     0.2621E-12
 2503.16     0.2551E-12
 2504.54     0.2219E-12
 2505.91     0.2221E-12
 2507.29     0.2663E-12
 2508.66     0.2693E-12
 2510.04     0.2401E-12
 2511.41     0.2222E-12
 2512.78     0.1800E-12
 2514.16     0.1581E-12
 2515.53     0.1631E-12
 2516.91     0.1858E-12
 2518.28     0.1975E-12
 2519.65     0.2133E-12
 2521.03     0.1876E-12
 2522.40     0.1646E-12
 2523.78     0.1739E-12
 2525.15     0.1798E-12
 2526.53     0.1566E-12
 2527.90     0.1610E-12
 2529.27     0.2155E-12
 2530.65     0.2355E-12
 2532.02     0.2284E-12
 2533.40     0.2195E-12
 2534.77     0.2134E-12
 2536.14     0.2184E-12
 2537.52     0.2202E-12
 2538.89     0.2295E-12
 2540.27     0.2275E-12
 2541.64     0.2409E-12
 2543.01     0.2349E-12
 2544.39     0.2285E-12
 2545.76     0.2309E-12
 2547.14     0.2155E-12
 2548.51     0.2231E-12
 2549.88     0.2680E-12
 2551.26     0.2825E-12
 2552.63     0.2877E-12
 2554.01     0.2836E-12
 2555.38     0.2833E-12
 2556.75     0.2934E-12
 2558.13     0.2895E-12
 2559.50     0.2773E-12
 2560.88     0.2467E-12
 2562.25     0.2523E-12
 2563.62     0.2966E-12
 2565.00     0.2998E-12
 2566.37     0.2967E-12
 2567.75     0.3005E-12
 2569.12     0.3030E-12
 2570.49     0.3026E-12
 2571.87     0.3078E-12
 2573.24     0.2931E-12
 2574.62     0.2731E-12
 2575.99     0.2861E-12
 2577.36     0.3079E-12
 2578.74     0.3144E-12
 2580.11     0.3049E-12
 2581.49     0.2905E-12
 2582.86     0.2843E-12
 2584.23     0.2418E-12
 2585.61     0.2801E-12
 2586.98     0.3105E-12
 2588.36     0.3318E-12
 2589.73     0.3089E-12
 2591.10     0.2955E-12
 2592.48     0.2898E-12
 2593.85     0.3098E-12
 2595.22     0.2650E-12
 2596.60     0.1834E-12
 2597.97     0.1670E-12
 2599.35     0.2571E-12
 2600.72     0.3023E-12
 2602.09     0.2975E-12
 2603.47     0.2571E-12
 2604.84     0.2179E-12
 2606.22     0.2365E-12
 2607.59     0.2705E-12
 2608.96     0.2437E-12
 2610.34     0.1995E-12
 2611.71     0.2204E-12
 2613.08     0.2649E-12
 2614.46     0.3070E-12
 2615.83     0.2764E-12
 2617.21     0.2882E-12
 2618.58     0.3006E-12
 2619.95     0.2962E-12
 2621.33     0.3088E-12
 2622.70     0.2981E-12
 2624.07     0.2651E-12
 2625.45     0.2710E-12
 2626.82     0.2494E-12
 2628.20     0.2385E-12
 2629.57     0.2104E-12
 2630.94     0.2668E-12
 2632.32     0.3282E-12
 2633.69     0.3460E-12
 2635.06     0.3566E-12
 2636.44     0.3685E-12
 2637.81     0.3736E-12
 2639.18     0.3744E-12
 2640.56     0.3828E-12
 2641.93     0.3825E-12
 2643.31     0.3765E-12
 2644.68     0.3751E-12
 2646.05     0.3780E-12
 2647.43     0.3773E-12
 2648.80     0.3831E-12
 2650.17     0.3784E-12
 2651.55     0.3769E-12
 2652.92     0.3887E-12
 2654.29     0.3899E-12
 2655.67     0.3823E-12
 2657.04     0.3716E-12
 2658.41     0.3738E-12
 2659.79     0.3555E-12
 2661.16     0.3411E-12
 2662.53     0.3362E-12
 2663.91     0.3465E-12
 2665.28     0.3368E-12
 2666.66     0.3421E-12
 2668.03     0.3476E-12
 2669.40     0.3582E-12
 2670.78     0.3567E-12
 2672.15     0.3726E-12
 2673.52     0.3802E-12
 2674.90     0.3658E-12
 2676.27     0.3453E-12
 2677.64     0.3446E-12
 2679.02     0.3665E-12
 2680.39     0.3703E-12
 2681.76     0.3690E-12
 2683.14     0.3691E-12
 2684.51     0.3709E-12
 2685.88     0.3561E-12
 2687.26     0.3406E-12
 2688.63     0.3407E-12
 2690.00     0.3514E-12
 2691.38     0.3545E-12
 2692.75     0.3530E-12
 2694.12     0.3473E-12
 2695.50     0.3465E-12
 2696.87     0.3455E-12
 2698.24     0.3675E-12
 2699.62     0.3609E-12
 2700.99     0.3692E-12
 2702.36     0.3709E-12
 2703.74     0.3597E-12
 2705.11     0.3459E-12
 2706.48     0.3503E-12
 2707.86     0.3443E-12
 2709.23     0.3456E-12
 2710.60     0.3445E-12
 2711.97     0.3446E-12
 2713.35     0.3328E-12
 2714.72     0.3418E-12
 2716.09     0.3340E-12
 2717.47     0.3272E-12
 2718.84     0.3326E-12
 2720.21     0.3412E-12
 2721.59     0.3354E-12
 2722.96     0.3300E-12
 2724.33     0.3290E-12
 2725.71     0.3250E-12
 2727.08     0.3483E-12
 2728.45     0.3601E-12
 2729.83     0.3523E-12
 2731.20     0.3384E-12
 2732.57     0.3311E-12
 2733.94     0.3218E-12
 2735.32     0.2983E-12
 2736.69     0.3059E-12
 2738.06     0.2884E-12
 2739.44     0.2995E-12
 2740.81     0.2717E-12
 2742.18     0.2831E-12
 2743.56     0.2912E-12
 2744.93     0.2519E-12
 2746.30     0.2692E-12
 2747.67     0.2510E-12
 2749.05     0.2925E-12
 2750.42     0.3282E-12
 2751.79     0.3156E-12
 2753.17     0.2838E-12
 2754.54     0.2768E-12
 2755.91     0.3301E-12
 2757.28     0.3503E-12
 2758.66     0.3401E-12
 2760.03     0.3296E-12
 2761.40     0.3374E-12
 2762.78     0.3553E-12
 2764.15     0.3491E-12
 2765.52     0.3402E-12
 2766.89     0.3363E-12
 2768.27     0.3496E-12
 2769.64     0.3561E-12
 2771.01     0.3612E-12
 2772.39     0.3660E-12
 2773.76     0.3476E-12
 2775.13     0.3353E-12
 2776.50     0.3180E-12
 2777.88     0.3138E-12
 2779.25     0.3190E-12
 2780.62     0.3236E-12
 2781.99     0.3248E-12
 2783.37     0.3315E-12
 2784.74     0.3204E-12
 2786.11     0.2892E-12
 2787.48     0.2513E-12
 2788.86     0.1972E-12
 2790.23     0.1421E-12
 2791.60     0.8817E-13
 2792.98     0.5923E-13
 2794.35     0.5424E-13
 2795.72     0.6892E-13
 2797.09     0.9218E-13
 2798.47     0.9171E-13
 2799.84     0.6931E-13
 2801.21     0.7092E-13
 2802.58     0.1101E-12
 2803.96     0.1790E-12
 2805.33     0.2463E-12
 2806.70     0.2955E-12
 2808.07     0.3133E-12
 2809.45     0.3249E-12
 2810.82     0.3417E-12
 2812.19     0.3589E-12
 2813.56     0.3706E-12
 2814.94     0.3717E-12
 2816.31     0.3757E-12
 2817.68     0.3838E-12
 2819.05     0.3839E-12
 2820.42     0.3864E-12
 2821.80     0.3893E-12
 2823.17     0.3861E-12
 2824.54     0.3822E-12
 2825.91     0.3836E-12
 2827.29     0.3836E-12
 2828.66     0.3852E-12
 2830.03     0.3819E-12
 2831.40     0.3836E-12
 2832.78     0.3717E-12
 2834.15     0.3621E-12
 2835.52     0.3828E-12
 2836.89     0.3790E-12
 2838.26     0.3657E-12
 2839.64     0.3709E-12
 2841.01     0.3619E-12
 2842.38     0.3616E-12
 2843.75     0.3671E-12
 2845.12     0.3589E-12
 2846.50     0.3290E-12
 2847.87     0.2888E-12
 2849.24     0.2219E-12
 2850.61     0.2154E-12
 2851.99     0.2907E-12
 2853.36     0.3360E-12
 2854.73     0.3517E-12
 2856.10     0.3668E-12
 2857.47     0.3868E-12
 2858.85     0.3926E-12
 2860.22     0.3836E-12
 2861.59     0.3854E-12
 2862.96     0.3828E-12
 2864.33     0.3730E-12
 2865.71     0.3689E-12
 2867.08     0.3724E-12
 2868.45     0.3867E-12
 2869.82     0.3959E-12
 2871.19     0.3890E-12
 2872.57     0.3792E-12
 2873.94     0.3716E-12
 2875.31     0.3717E-12
 2876.68     0.3664E-12
 2878.05     0.3393E-12
 2879.42     0.2990E-12
 2880.80     0.3514E-12
 2882.17     0.3934E-12
 2883.54     0.4068E-12
 2884.91     0.4061E-12
 2886.28     0.3931E-12
 2887.66     0.3842E-12
 2889.03     0.3884E-12
 2890.40     0.3740E-12
 2891.77     0.3792E-12
 2893.14     0.3951E-12
 2894.51     0.4079E-12
 2895.89     0.4166E-12
 2897.26     0.4242E-12
 2898.63     0.4339E-12
 2900.00     0.4315E-12
 2901.37     0.4398E-12
 2902.74     0.4456E-12
 2904.12     0.4314E-12
 2905.49     0.4140E-12
 2906.86     0.4086E-12
 2908.23     0.4037E-12
 2909.60     0.4163E-12
 2910.97     0.4309E-12
 2912.34     0.4312E-12
 2913.72     0.4251E-12
 2915.09     0.4238E-12
 2916.46     0.4230E-12
 2917.83     0.4239E-12
 2919.20     0.4187E-12
 2920.57     0.4117E-12
 2921.94     0.3934E-12
 2923.32     0.3995E-12
 2924.69     0.4010E-12
 2926.06     0.3965E-12
 2927.43     0.4006E-12
 2928.80     0.4319E-12
 2930.17     0.4309E-12
 2931.54     0.4286E-12
 2932.92     0.4214E-12
 2934.29     0.3950E-12
 2935.66     0.3977E-12
 2937.03     0.4076E-12
 2938.40     0.4164E-12
 2939.77     0.4153E-12
 2941.14     0.4259E-12
 2942.51     0.4099E-12
 2943.89     0.4224E-12
 2945.26     0.3996E-12
 2946.63     0.3921E-12
 2948.00     0.4170E-12
 2949.37     0.4296E-12
 2950.74     0.4187E-12
 2952.11     0.4090E-12
 2953.48     0.4377E-12
 2954.85     0.4326E-12
 2956.23     0.4374E-12
 2957.60     0.4335E-12
 2958.97     0.4383E-12
 2960.34     0.4471E-12
 2961.71     0.4264E-12
 2963.08     0.4006E-12
 2964.45     0.4019E-12
 2965.82     0.4109E-12
 2967.19     0.3965E-12
 2968.56     0.3917E-12
 2969.93     0.4181E-12
 2971.31     0.4219E-12
 2972.68     0.4432E-12
 2974.05     0.4376E-12
 2975.42     0.4522E-12
 2976.79     0.4413E-12
 2978.16     0.4226E-12
 2979.53     0.4138E-12
 2980.90     0.4089E-12
 2982.27     0.3861E-12
 2983.64     0.3888E-12
 2985.01     0.4085E-12
 2986.38     0.4279E-12
 2987.75     0.4478E-12
 2989.13     0.4528E-12
 2990.50     0.4457E-12
 2991.87     0.4371E-12
 2993.24     0.4398E-12
 2994.61     0.4537E-12
 2995.98     0.4511E-12
 2997.35     0.4231E-12
 2998.72     0.4079E-12
 3000.09     0.4049E-12
 3001.46     0.4158E-12
 3002.83     0.4455E-12
 3004.20     0.4423E-12
 3005.57     0.4262E-12
 3006.94     0.4395E-12
 3008.31     0.4526E-12
 3009.68     0.4505E-12
 3011.05     0.4517E-12
 3012.42     0.4412E-12
 3013.80     0.4304E-12
 3015.17     0.4178E-12
 3016.54     0.4081E-12
 3017.91     0.3786E-12
 3019.28     0.3914E-12
 3020.65     0.4482E-12
 3022.02     0.4465E-12
 3023.39     0.4344E-12
 3024.76     0.4478E-12
 3026.13     0.4643E-12
 3027.50     0.4494E-12
 3028.87     0.4383E-12
 3030.24     0.4449E-12
 3031.61     0.4559E-12
 3032.98     0.4589E-12
 3034.35     0.4521E-12
 3035.72     0.4393E-12
 3037.09     0.4562E-12
 3038.46     0.4433E-12
 3039.83     0.4320E-12
 3041.20     0.4447E-12
 3042.57     0.4525E-12
 3043.94     0.4533E-12
 3045.31     0.4416E-12
 3046.68     0.4512E-12
 3048.05     0.4632E-12
 3049.42     0.4664E-12
 3050.79     0.4652E-12
 3052.16     0.4513E-12
 3053.53     0.4474E-12
 3054.90     0.4234E-12
 3056.27     0.4126E-12
 3057.64     0.4318E-12
 3059.01     0.4492E-12
 3060.38     0.4445E-12
 3061.75     0.4295E-12
 3063.12     0.4129E-12
 3064.49     0.3957E-12
 3065.82     0.4224E-12
 3068.57     0.4353E-12
 3071.31     0.4376E-12
 3074.06     0.4408E-12
 3076.81     0.4431E-12
 3079.55     0.4517E-12
 3082.30     0.4494E-12
 3085.04     0.4315E-12
 3087.79     0.4150E-12
 3090.54     0.4116E-12
 3093.28     0.4139E-12
 3096.03     0.4060E-12
 3098.78     0.4115E-12
 3101.52     0.4338E-12
 3104.27     0.4502E-12
 3107.01     0.4580E-12
 3109.76     0.4603E-12
 3112.51     0.4525E-12
 3115.25     0.4333E-12
 3118.00     0.4300E-12
 3120.75     0.4382E-12
 3123.49     0.4395E-12
 3126.24     0.4452E-12
 3128.99     0.4442E-12
 3131.73     0.4517E-12
 3134.48     0.4545E-12
 3137.22     0.4499E-12
 3139.97     0.4366E-12
 3142.72     0.4340E-12
 3145.46     0.4545E-12
 3148.21     0.4588E-12
 3150.96     0.4484E-12
 3153.70     0.4364E-12
 3156.45     0.4248E-12
 3159.20     0.4299E-12
 3161.94     0.4492E-12
 3164.69     0.4583E-12
 3167.44     0.4717E-12
 3170.18     0.4794E-12
 3172.93     0.4678E-12
 3175.68     0.4395E-12
 3178.42     0.4248E-12
 3181.17     0.4379E-12
 3183.92     0.4505E-12
 3186.66     0.4510E-12
 3189.41     0.4375E-12
 3192.16     0.4436E-12
 3194.91     0.4576E-12
 3197.65     0.4697E-12
 3200.40     0.4779E-12
 3203.15     0.4798E-12
 3205.89     0.4649E-12
 3208.64     0.4415E-12
 3211.39     0.4376E-12
 3214.13     0.4497E-12
 3216.88     0.4619E-12
 3219.63     0.4620E-12
 3222.37     0.4528E-12
 3225.12     0.4362E-12
 3227.87     0.4343E-12
 3230.62     0.4342E-12
 3233.36     0.4363E-12
 3236.11     0.4535E-12
 3238.86     0.4629E-12
 3241.60     0.4680E-12
 3244.35     0.4639E-12
 3247.10     0.4599E-12
 3249.84     0.4648E-12
 3252.59     0.4784E-12
 3255.34     0.4940E-12
 3258.09     0.4924E-12
 3260.83     0.4923E-12
 3263.58     0.4901E-12
 3266.33     0.4929E-12
 3269.08     0.4872E-12
 3271.82     0.4813E-12
 3274.57     0.4723E-12
 3277.32     0.4774E-12
 3280.06     0.4889E-12
 3282.81     0.4878E-12
 3285.56     0.4880E-12
 3288.31     0.5025E-12
 3291.05     0.5100E-12
 3293.80     0.5116E-12
 3296.55     0.5114E-12
 3299.30     0.5060E-12
 3302.04     0.4980E-12
 3304.79     0.4960E-12
 3307.54     0.5052E-12
 3310.29     0.5061E-12
 3313.03     0.5001E-12
 3315.78     0.4983E-12
 3318.53     0.4903E-12
 3321.28     0.4886E-12
 3324.02     0.4926E-12
 3326.77     0.4925E-12
 3329.52     0.4966E-12
 3332.27     0.4911E-12
 3335.01     0.4872E-12
 3337.76     0.4834E-12
 3340.51     0.4912E-12
 3343.26     0.4912E-12
 3346.00     0.4736E-12
 3348.75     0.4880E-12
 3351.50     0.4996E-12
 3354.25     0.4985E-12
 3356.99     0.4791E-12
 3359.74     0.4806E-12
 3362.49     0.4950E-12
 3365.24     0.4844E-12
 3367.98     0.4715E-12
 3370.73     0.4801E-12
 3373.48     0.4983E-12
 3376.23     0.4810E-12
 3378.98     0.4784E-12
 3381.72     0.4922E-12
 3384.47     0.4990E-12
 3387.22     0.4965E-12
 3389.97     0.4857E-12
 3392.71     0.4966E-12
 3395.46     0.5161E-12
 3398.21     0.5110E-12
 3400.96     0.4947E-12
 3403.71     0.4885E-12
 3406.45     0.4900E-12
 3409.20     0.4916E-12
 3411.95     0.4908E-12
 3414.70     0.5029E-12
 3417.45     0.5091E-12
 3420.19     0.5010E-12
 3422.94     0.5026E-12
 3425.69     0.5114E-12
 3428.44     0.5175E-12
 3431.18     0.5141E-12
 3433.93     0.5093E-12
 3436.68     0.4894E-12
 3439.43     0.4752E-12
 3442.18     0.4840E-12
 3444.92     0.5038E-12
 3447.67     0.5058E-12
 3450.42     0.5031E-12
 3453.17     0.5105E-12
 3455.92     0.5033E-12
 3458.66     0.5003E-12
 3461.41     0.5074E-12
 3464.16     0.5099E-12
 3466.91     0.5150E-12
 3469.66     0.5047E-12
 3472.41     0.4894E-12
 3475.15     0.4998E-12
 3477.90     0.5151E-12
 3480.65     0.5135E-12
 3483.40     0.5134E-12
 3486.15     0.5006E-12
 3488.89     0.4932E-12
 3491.64     0.4955E-12
 3494.39     0.4968E-12
 3497.14     0.5075E-12
 3499.89     0.5112E-12
 3502.63     0.5081E-12
 3505.38     0.5065E-12
 3508.13     0.4993E-12
 3510.88     0.4964E-12
 3513.63     0.5055E-12
 3516.38     0.5075E-12
 3519.12     0.4978E-12
 3521.87     0.4886E-12
 3524.62     0.4892E-12
 3527.37     0.5082E-12
 3530.12     0.5140E-12
 3532.86     0.5188E-12
 3535.61     0.5216E-12
 3538.36     0.5208E-12
 3541.11     0.5277E-12
 3543.86     0.5319E-12
 3546.61     0.5317E-12
 3549.35     0.5285E-12
 3552.10     0.5222E-12
 3554.85     0.5180E-12
 3557.60     0.5242E-12
 3560.35     0.5203E-12
 3563.10     0.5014E-12
 3565.84     0.4926E-12
 3568.59     0.4829E-12
 3571.34     0.4909E-12
 3574.09     0.5001E-12
 3576.84     0.4998E-12
 3579.59     0.4898E-12
 3582.34     0.4754E-12
 3585.08     0.4730E-12
 3587.83     0.4969E-12
 3590.58     0.5135E-12
 3593.33     0.5181E-12
 3596.08     0.5237E-12
 3598.83     0.5181E-12
 3601.57     0.5040E-12
 3604.32     0.5028E-12
 3607.07     0.4997E-12
 3609.82     0.5047E-12
 3612.57     0.5079E-12
 3615.32     0.5022E-12
 3618.06     0.5045E-12
 3620.81     0.5167E-12
 3623.56     0.5262E-12
 3626.31     0.5183E-12
 3629.06     0.4998E-12
 3631.81     0.5087E-12
 3634.56     0.5189E-12
 3637.30     0.5201E-12
 3640.05     0.5106E-12
 3642.80     0.5096E-12
 3645.55     0.5105E-12
 3648.30     0.5175E-12
 3651.05     0.5301E-12
 3653.80     0.5381E-12
 3656.54     0.5395E-12
 3659.29     0.5393E-12
 3662.04     0.5380E-12
 3664.79     0.5354E-12
 3667.54     0.5328E-12
 3670.29     0.5379E-12
 3673.04     0.5281E-12
 3675.78     0.5173E-12
 3678.53     0.5175E-12
 3681.28     0.5148E-12
 3684.03     0.5112E-12
 3686.78     0.5239E-12
 3689.53     0.5360E-12
 3692.28     0.5378E-12
 3695.02     0.5400E-12
 3697.77     0.5440E-12
 3700.52     0.5232E-12
 3703.27     0.5065E-12
 3706.02     0.5186E-12
 3708.77     0.5194E-12
 3711.52     0.5433E-12
 3714.26     0.5670E-12
 3717.01     0.5274E-12
 3719.76     0.5005E-12
 3722.51     0.5469E-12
 3725.26     0.5724E-12
 3728.01     0.5517E-12
 3730.76     0.4937E-12
 3733.51     0.4857E-12
 3736.25     0.5543E-12
 3739.00     0.5889E-12
 3741.75     0.5660E-12
 3744.50     0.5156E-12
 3747.25     0.4775E-12
 3750.00     0.5323E-12
 3752.75     0.5932E-12
 3755.49     0.6049E-12
 3758.24     0.6064E-12
 3760.99     0.6096E-12
 3763.74     0.5759E-12
 3766.49     0.5156E-12
 3769.24     0.5131E-12
 3771.99     0.5834E-12
 3774.74     0.6441E-12
 3777.48     0.6778E-12
 3780.23     0.6891E-12
 3782.98     0.6733E-12
 3785.73     0.6554E-12
 3788.48     0.6366E-12
 3791.23     0.5816E-12
 3793.98     0.5069E-12
 3796.73     0.5094E-12
 3799.47     0.5984E-12
 3802.22     0.6510E-12
 3804.97     0.6709E-12
 3807.72     0.6925E-12
 3810.47     0.6809E-12
 3813.22     0.6750E-12
 3815.97     0.6823E-12
 3818.72     0.6695E-12
 3821.46     0.6549E-12
 3824.21     0.6237E-12
 3826.96     0.5852E-12
 3829.71     0.5210E-12
 3832.46     0.4683E-12
 3835.21     0.4979E-12
 3837.96     0.5805E-12
 3840.70     0.6480E-12
 3843.45     0.6844E-12
 3846.20     0.7057E-12
 3848.95     0.7182E-12
 3851.70     0.7248E-12
 3854.45     0.7161E-12
 3857.20     0.7169E-12
 3859.95     0.7320E-12
 3862.69     0.7383E-12
 3865.44     0.7416E-12
 3868.19     0.7241E-12
 3870.94     0.7037E-12
 3873.69     0.6960E-12
 3876.44     0.6714E-12
 3879.19     0.6588E-12
 3881.94     0.6010E-12
 3884.68     0.5130E-12
 3887.43     0.5020E-12
 3890.18     0.5780E-12
 3892.93     0.6344E-12
 3895.68     0.6561E-12
 3898.43     0.6731E-12
 3901.18     0.6842E-12
 3903.93     0.6960E-12
 3906.67     0.7255E-12
 3909.42     0.7347E-12
 3912.17     0.7267E-12
 3914.92     0.7165E-12
 3917.67     0.7131E-12
 3920.42     0.7056E-12
 3923.17     0.6764E-12
 3925.92     0.5898E-12
 3928.66     0.4407E-12
 3931.41     0.3634E-12
 3934.16     0.4945E-12
 3936.91     0.6300E-12
 3939.66     0.6827E-12
 3942.41     0.6982E-12
 3945.16     0.7077E-12
 3947.91     0.7041E-12
 3950.65     0.7046E-12
 3953.40     0.6920E-12
 3956.15     0.6741E-12
 3958.90     0.6331E-12
 3961.65     0.5443E-12
 3964.40     0.4035E-12
 3967.15     0.3650E-12
 3969.89     0.4877E-12
 3972.64     0.5980E-12
 3975.39     0.6591E-12
 3978.14     0.6886E-12
 3980.89     0.7072E-12
 3983.64     0.7235E-12
 3986.39     0.7364E-12
 3989.14     0.7458E-12
 3991.88     0.7472E-12
 3994.63     0.7450E-12
 3997.38     0.7518E-12
 4000.13     0.7551E-12
 4002.88     0.7473E-12
 4005.63     0.7561E-12
 4008.38     0.7620E-12
 4011.12     0.7623E-12
 4013.87     0.7705E-12
 4016.62     0.7720E-12
 4019.37     0.7688E-12
 4022.12     0.7654E-12
 4024.87     0.7635E-12
 4027.62     0.7479E-12
 4030.36     0.7465E-12
 4033.11     0.7600E-12
 4035.86     0.7724E-12
 4038.61     0.7676E-12
 4041.36     0.7561E-12
 4044.11     0.7516E-12
 4046.86     0.7666E-12
 4049.60     0.7686E-12
 4052.35     0.7598E-12
 4055.10     0.7560E-12
 4057.85     0.7560E-12
 4060.60     0.7442E-12
 4063.35     0.7445E-12
 4066.10     0.7466E-12
 4068.84     0.7437E-12
 4071.59     0.7409E-12
 4074.34     0.7314E-12
 4077.09     0.7367E-12
 4079.84     0.7425E-12
 4082.59     0.7370E-12
 4085.34     0.7332E-12
 4088.08     0.7206E-12
 4090.83     0.6929E-12
 4093.58     0.6481E-12
 4096.33     0.5731E-12
 4099.08     0.5171E-12
 4101.83     0.5811E-12
 4104.58     0.6481E-12
 4107.32     0.6859E-12
 4110.07     0.7125E-12
 4112.82     0.7270E-12
 4115.57     0.7319E-12
 4118.32     0.7357E-12
 4121.07     0.7453E-12
 4123.81     0.7489E-12
 4126.56     0.7457E-12
 4129.31     0.7417E-12
 4132.06     0.7505E-12
 4134.81     0.7601E-12
 4137.56     0.7632E-12
 4140.31     0.7535E-12
 4143.05     0.7568E-12
 4145.80     0.7590E-12
 4148.55     0.7590E-12
 4151.30     0.7517E-12
 4154.05     0.7529E-12
 4156.80     0.7567E-12
 4159.54     0.7630E-12
 4162.29     0.7607E-12
 4165.04     0.7572E-12
 4167.79     0.7515E-12
 4170.54     0.7413E-12
 4173.29     0.7409E-12
 4176.03     0.7476E-12
 4178.78     0.7484E-12
 4181.53     0.7477E-12
 4184.28     0.7433E-12
 4187.03     0.7507E-12
 4189.78     0.7548E-12
 4192.52     0.7524E-12
 4195.27     0.7394E-12
 4198.02     0.7392E-12
 4200.77     0.7409E-12
 4203.52     0.7513E-12
 4206.26     0.7532E-12
 4209.01     0.7519E-12
 4211.76     0.7437E-12
 4214.51     0.7393E-12
 4217.26     0.7459E-12
 4220.01     0.7352E-12
 4222.75     0.7153E-12
 4225.50     0.7211E-12
 4228.25     0.7404E-12
 4231.00     0.7353E-12
 4233.75     0.7360E-12
 4236.49     0.7447E-12
 4239.24     0.7498E-12
 4241.99     0.7452E-12
 4244.74     0.7314E-12
 4247.49     0.7309E-12
 4250.24     0.7385E-12
 4252.98     0.7437E-12
 4255.73     0.7414E-12
 4258.48     0.7430E-12
 4261.23     0.7518E-12
 4263.98     0.7476E-12
 4266.72     0.7354E-12
 4269.47     0.7239E-12
 4272.22     0.7337E-12
 4274.97     0.7425E-12
 4277.72     0.7382E-12
 4280.46     0.7298E-12
 4283.21     0.7253E-12
 4285.96     0.7120E-12
 4288.71     0.7104E-12
 4291.46     0.7142E-12
 4294.20     0.7051E-12
 4296.95     0.6843E-12
 4299.70     0.6803E-12
 4302.45     0.6896E-12
 4305.19     0.6856E-12
 4307.94     0.6931E-12
 4310.69     0.6990E-12
 4313.44     0.7103E-12
 4316.19     0.7154E-12
 4318.93     0.7085E-12
 4321.68     0.6961E-12
 4324.43     0.6890E-12
 4327.18     0.6894E-12
 4329.93     0.6707E-12
 4332.67     0.6213E-12
 4335.42     0.5463E-12
 4338.17     0.5098E-12
 4340.92     0.5816E-12
 4343.66     0.6448E-12
 4346.41     0.6749E-12
 4349.16     0.6856E-12
 4351.91     0.7052E-12
 4354.66     0.7218E-12
 4357.40     0.7285E-12
 4360.15     0.7362E-12
 4362.90     0.7378E-12
 4365.65     0.7312E-12
 4368.39     0.7308E-12
 4371.14     0.7257E-12
 4373.89     0.7284E-12
 4376.64     0.7339E-12
 4379.38     0.7239E-12
 4382.13     0.7186E-12
 4384.88     0.7301E-12
 4387.63     0.7329E-12
 4390.37     0.7315E-12
 4393.12     0.7286E-12
 4395.87     0.7270E-12
 4398.62     0.7223E-12
 4401.36     0.7247E-12
 4404.11     0.7289E-12
 4406.86     0.7370E-12
 4409.61     0.7356E-12
 4412.35     0.7245E-12
 4415.10     0.7240E-12
 4417.85     0.7317E-12
 4420.60     0.7314E-12
 4423.34     0.7296E-12
 4426.09     0.7324E-12
 4428.84     0.7332E-12
 4431.59     0.7259E-12
 4434.33     0.7306E-12
 4437.08     0.7319E-12
 4439.83     0.7216E-12
 4442.57     0.7239E-12
 4445.32     0.7298E-12
 4448.07     0.7267E-12
 4450.82     0.7187E-12
 4453.56     0.7179E-12
 4456.31     0.7211E-12
 4459.06     0.7238E-12
 4461.81     0.7255E-12
 4464.55     0.7195E-12
 4467.30     0.7244E-12
 4470.05     0.7326E-12
 4472.79     0.7314E-12
 4475.54     0.7322E-12
 4478.29     0.7238E-12
 4481.04     0.7271E-12
 4483.78     0.7342E-12
 4486.53     0.7338E-12
 4489.28     0.7320E-12
 4492.02     0.7306E-12
 4494.77     0.7316E-12
 4497.52     0.7307E-12
 4500.26     0.7341E-12
 4503.01     0.7376E-12
 4505.76     0.7352E-12
 4508.51     0.7354E-12
 4511.25     0.7361E-12
 4514.00     0.7332E-12
 4516.75     0.7299E-12
 4519.49     0.7238E-12
 4522.24     0.7206E-12
 4524.99     0.7137E-12
 4527.73     0.7089E-12
 4530.48     0.7059E-12
 4533.23     0.7142E-12
 4535.97     0.7259E-12
 4538.72     0.7277E-12
 4541.47     0.7254E-12
 4544.21     0.7175E-12
 4546.96     0.7105E-12
 4549.71     0.7117E-12
 4552.45     0.7117E-12
 4555.20     0.7214E-12
 4557.95     0.7240E-12
 4560.69     0.7219E-12
 4563.44     0.7226E-12
 4566.19     0.7242E-12
 4568.93     0.7178E-12
 4571.68     0.7227E-12
 4574.43     0.7239E-12
 4577.17     0.7210E-12
 4579.92     0.7170E-12
 4582.67     0.7155E-12
 4585.41     0.7180E-12
 4588.16     0.7181E-12
 4590.91     0.7225E-12
 4593.65     0.7239E-12
 4596.40     0.7244E-12
 4599.15     0.7222E-12
 4601.89     0.7232E-12
 4604.64     0.7239E-12
 4607.38     0.7218E-12
 4610.13     0.7201E-12
 4612.88     0.7214E-12
 4615.62     0.7230E-12
 4618.37     0.7218E-12
 4621.12     0.7215E-12
 4623.86     0.7227E-12
 4626.61     0.7216E-12
 4629.35     0.7219E-12
 4632.10     0.7199E-12
 4634.85     0.7193E-12
 4637.59     0.7195E-12
 4640.34     0.7205E-12
 4643.09     0.7133E-12
 4645.83     0.7151E-12
 4648.58     0.7164E-12
 4651.32     0.7120E-12
 4654.07     0.7144E-12
 4656.82     0.7176E-12
 4659.56     0.7182E-12
 4662.31     0.7143E-12
 4665.05     0.7131E-12
 4667.80     0.7137E-12
 4670.55     0.7164E-12
 4673.29     0.7153E-12
 4676.04     0.7133E-12
 4678.78     0.7117E-12
 4681.53     0.7152E-12
 4684.28     0.7145E-12
 4687.02     0.7132E-12
 4689.77     0.7133E-12
 4692.51     0.7126E-12
 4695.26     0.7119E-12
 4698.00     0.7053E-12
 4700.75     0.7017E-12
 4703.50     0.7051E-12
 4706.24     0.7070E-12
 4708.99     0.7091E-12
 4711.73     0.7076E-12
 4714.48     0.7067E-12
 4717.22     0.7072E-12
 4719.97     0.7109E-12
 4722.72     0.7070E-12
 4725.46     0.7051E-12
 4728.21     0.7044E-12
 4730.95     0.7034E-12
 4733.70     0.7039E-12
 4736.44     0.7037E-12
 4739.19     0.7050E-12
 4741.93     0.7048E-12
 4744.68     0.7065E-12
 4747.42     0.7052E-12
 4750.17     0.7038E-12
 4752.92     0.7022E-12
 4755.66     0.7008E-12
 4758.41     0.6995E-12
 4761.15     0.6990E-12
 4763.90     0.7001E-12
 4766.64     0.7006E-12
 4769.39     0.7017E-12
 4772.13     0.7017E-12
 4774.88     0.7011E-12
 4777.62     0.6966E-12
 4780.37     0.6960E-12
 4783.11     0.6974E-12
 4785.86     0.6964E-12
 4788.60     0.6950E-12
 4791.35     0.6980E-12
 4794.09     0.6974E-12
 4796.84     0.6966E-12
 4799.58     0.6977E-12
 4802.33     0.6921E-12
 4805.07     0.6939E-12
 4807.82     0.6946E-12
 4810.56     0.6943E-12
 4813.31     0.6930E-12
 4816.05     0.6928E-12
 4818.80     0.6897E-12
 4821.54     0.6892E-12
 4824.29     0.6920E-12
 4827.03     0.6871E-12
 4829.78     0.6880E-12
 4832.52     0.6840E-12
 4835.27     0.6770E-12
 4838.01     0.6775E-12
 4840.75     0.6758E-12
 4843.50     0.6683E-12
 4846.24     0.6572E-12
 4848.99     0.6414E-12
 4851.73     0.6119E-12
 4854.48     0.5585E-12
 4857.22     0.4914E-12
 4859.97     0.5157E-12
 4862.71     0.5807E-12
 4865.46     0.6149E-12
 4868.20     0.6301E-12
 4870.94     0.6484E-12
 4873.69     0.6543E-12
 4876.43     0.6647E-12
 4879.18     0.6707E-12
 4881.92     0.6728E-12
 4884.67     0.6704E-12
 4887.41     0.6657E-12
 4890.15     0.6728E-12
 4892.90     0.6816E-12
 4895.64     0.6835E-12
 4898.39     0.6818E-12
 4901.13     0.6822E-12
 4903.88     0.6835E-12
 4906.62     0.6816E-12
 4909.36     0.6799E-12
 4912.11     0.6773E-12
 4914.85     0.6712E-12
 4917.60     0.6660E-12
 4920.34     0.6688E-12
 4923.08     0.6775E-12
 4925.83     0.6799E-12
 4928.57     0.6770E-12
 4931.31     0.6724E-12
 4934.06     0.6756E-12
 4936.80     0.6766E-12
 4939.55     0.6816E-12
 4942.29     0.6811E-12
 4945.03     0.6812E-12
 4947.78     0.6831E-12
 4950.52     0.6772E-12
 4953.26     0.6647E-12
 4956.01     0.6684E-12
 4958.75     0.6756E-12
 4961.50     0.6751E-12
 4964.24     0.6771E-12
 4966.98     0.6789E-12
 4969.73     0.6762E-12
 4972.47     0.6743E-12
 4975.21     0.6719E-12
 4977.96     0.6644E-12
 4980.70     0.6623E-12
 4983.44     0.6689E-12
 4986.19     0.6702E-12
 4988.93     0.6663E-12
 4991.67     0.6674E-12
 4994.42     0.6701E-12
 4997.16     0.6652E-12
 4999.90     0.6636E-12
 5002.65     0.6574E-12
 5005.39     0.6595E-12
 5008.13     0.6590E-12
 5010.88     0.6551E-12
 5013.62     0.6532E-12
 5016.36     0.6576E-12
 5019.10     0.6643E-12
 5021.85     0.6669E-12
 5024.59     0.6646E-12
 5027.33     0.6672E-12
 5030.08     0.6669E-12
 5032.82     0.6627E-12
 5035.56     0.6578E-12
 5038.30     0.6539E-12
 5041.05     0.6590E-12
 5043.79     0.6639E-12
 5046.53     0.6593E-12
 5049.28     0.6618E-12
 5052.02     0.6652E-12
 5054.76     0.6659E-12
 5057.50     0.6606E-12
 5060.25     0.6591E-12
 5062.99     0.6577E-12
 5065.73     0.6596E-12
 5068.47     0.6625E-12
 5071.22     0.6604E-12
 5073.96     0.6578E-12
 5076.70     0.6542E-12
 5079.44     0.6554E-12
 5082.19     0.6585E-12
 5084.93     0.6599E-12
 5087.67     0.6610E-12
 5090.41     0.6606E-12
 5093.16     0.6568E-12
 5095.90     0.6551E-12
 5098.64     0.6554E-12
 5101.38     0.6546E-12
 5104.12     0.6513E-12
 5106.87     0.6522E-12
 5109.61     0.6542E-12
 5112.35     0.6577E-12
 5115.09     0.6572E-12
 5117.83     0.6543E-12
 5120.58     0.6500E-12
 5123.32     0.6478E-12
 5126.06     0.6477E-12
 5128.80     0.6500E-12
 5131.54     0.6470E-12
 5134.29     0.6424E-12
 5137.03     0.6405E-12
 5139.77     0.6435E-12
 5142.51     0.6453E-12
 5145.25     0.6450E-12
 5147.99     0.6474E-12
 5150.74     0.6474E-12
 5153.48     0.6478E-12
 5156.22     0.6466E-12
 5158.96     0.6392E-12
 5161.70     0.6246E-12
 5164.44     0.6020E-12
 5167.19     0.6073E-12
 5169.93     0.6148E-12
 5172.67     0.6329E-12
 5175.41     0.6358E-12
 5178.15     0.6231E-12
 5180.89     0.6148E-12
 5183.63     0.6273E-12
 5186.37     0.6293E-12
 5189.12     0.6303E-12
 5191.86     0.6347E-12
 5194.60     0.6380E-12
 5197.34     0.6385E-12
 5200.08     0.6315E-12
 5202.82     0.6281E-12
 5205.56     0.6311E-12
 5208.30     0.6370E-12
 5211.04     0.6410E-12
 5213.79     0.6418E-12
 5216.53     0.6434E-12
 5219.27     0.6413E-12
 5222.01     0.6301E-12
 5224.75     0.6279E-12
 5227.49     0.6331E-12
 5230.23     0.6327E-12
 5232.97     0.6386E-12
 5235.71     0.6441E-12
 5238.45     0.6431E-12
 5241.19     0.6435E-12
 5243.93     0.6401E-12
 5246.67     0.6385E-12
 5249.42     0.6399E-12
 5252.16     0.6409E-12
 5254.90     0.6376E-12
 5257.64     0.6308E-12
 5260.38     0.6218E-12
 5263.12     0.6148E-12
 5265.86     0.6096E-12
 5268.60     0.6205E-12
 5271.34     0.6265E-12
 5274.08     0.6322E-12
 5276.82     0.6312E-12
 5279.56     0.6307E-12
 5282.30     0.6335E-12
 5285.04     0.6374E-12
 5287.78     0.6373E-12
 5290.52     0.6360E-12
 5293.26     0.6317E-12
 5296.00     0.6339E-12
 5298.74     0.6328E-12
 5301.48     0.6343E-12
 5304.22     0.6345E-12
 5306.96     0.6335E-12
 5309.70     0.6300E-12
 5312.44     0.6265E-12
 5315.18     0.6294E-12
 5317.92     0.6279E-12
 5320.66     0.6197E-12
 5323.40     0.6115E-12
 5326.14     0.6157E-12
 5328.88     0.6248E-12
 5331.62     0.6262E-12
 5334.35     0.6223E-12
 5337.09     0.6197E-12
 5339.83     0.6234E-12
 5342.57     0.6239E-12
 5345.31     0.6232E-12
 5348.05     0.6260E-12
 5350.79     0.6290E-12
 5353.53     0.6267E-12
 5356.27     0.6259E-12
 5359.01     0.6226E-12
 5361.75     0.6186E-12
 5364.49     0.6161E-12
 5367.23     0.6163E-12
 5369.97     0.6186E-12
 5372.70     0.6201E-12
 5375.44     0.6216E-12
 5378.18     0.6198E-12
 5380.92     0.6195E-12
 5383.66     0.6199E-12
 5386.40     0.6180E-12
 5389.14     0.6157E-12
 5391.88     0.6132E-12
 5394.62     0.6110E-12
 5397.35     0.6111E-12
 5400.09     0.6070E-12
 5402.83     0.6082E-12
 5405.57     0.6118E-12
 5408.31     0.6144E-12
 5411.05     0.6139E-12
 5413.79     0.6160E-12
 5416.52     0.6172E-12
 5419.26     0.6142E-12
 5422.00     0.6127E-12
 5424.74     0.6086E-12
 5427.48     0.6101E-12
 5430.22     0.6100E-12
 5432.95     0.6131E-12
 5435.69     0.6138E-12
 5438.43     0.6131E-12
 5441.17     0.6080E-12
 5443.91     0.6089E-12
 5446.64     0.6116E-12
 5449.38     0.6084E-12
 5454.36     0.6033E-12
 5459.23     0.6066E-12
 5464.10     0.6081E-12
 5468.97     0.6072E-12
 5473.84     0.6069E-12
 5478.71     0.6087E-12
 5483.58     0.6086E-12
 5488.46     0.6096E-12
 5493.33     0.6076E-12
 5498.20     0.6064E-12
 5503.07     0.6030E-12
 5507.94     0.6037E-12
 5512.81     0.6034E-12
 5517.68     0.6056E-12
 5522.56     0.6037E-12
 5527.43     0.6025E-12
 5532.30     0.6029E-12
 5537.17     0.6026E-12
 5542.04     0.6017E-12
 5546.91     0.6034E-12
 5551.79     0.6020E-12
 5556.66     0.5997E-12
 5561.53     0.5986E-12
 5566.40     0.5930E-12
 5571.27     0.5952E-12
 5576.15     0.5951E-12
 5581.02     0.5915E-12
 5585.89     0.5879E-12
 5590.76     0.5866E-12
 5595.64     0.5853E-12
 5600.51     0.5874E-12
 5605.38     0.5891E-12
 5610.25     0.5882E-12
 5615.13     0.5881E-12
 5620.00     0.5899E-12
 5624.87     0.5939E-12
 5629.74     0.5934E-12
 5634.62     0.5882E-12
 5639.49     0.5910E-12
 5644.36     0.5884E-12
 5649.24     0.5882E-12
 5654.11     0.5856E-12
 5658.98     0.5859E-12
 5663.85     0.5853E-12
 5668.73     0.5851E-12
 5673.60     0.5861E-12
 5678.47     0.5861E-12
 5683.35     0.5853E-12
 5688.22     0.5840E-12
 5693.09     0.5826E-12
 5697.97     0.5826E-12
 5702.84     0.5815E-12
 5707.71     0.5783E-12
 5712.59     0.5781E-12
 5717.46     0.5815E-12
 5722.34     0.5788E-12
 5727.21     0.5777E-12
 5732.08     0.5772E-12
 5736.96     0.5771E-12
 5741.83     0.5783E-12
 5746.70     0.5788E-12
 5751.58     0.5762E-12
 5756.45     0.5752E-12
 5761.33     0.5734E-12
 5766.20     0.5745E-12
 5771.07     0.5745E-12
 5775.95     0.5750E-12
 5780.82     0.5725E-12
 5785.70     0.5717E-12
 5790.57     0.5718E-12
 5795.45     0.5714E-12
 5800.32     0.5705E-12
 5805.20     0.5692E-12
 5810.07     0.5693E-12
 5814.94     0.5705E-12
 5819.82     0.5688E-12
 5824.69     0.5658E-12
 5829.57     0.5648E-12
 5834.44     0.5644E-12
 5839.32     0.5661E-12
 5844.19     0.5650E-12
 5849.07     0.5633E-12
 5853.94     0.5631E-12
 5858.82     0.5618E-12
 5863.69     0.5591E-12
 5868.57     0.5621E-12
 5873.44     0.5619E-12
 5878.32     0.5592E-12
 5883.19     0.5524E-12
 5888.07     0.5448E-12
 5892.94     0.5454E-12
 5897.82     0.5508E-12
 5902.70     0.5553E-12
 5907.57     0.5567E-12
 5912.45     0.5579E-12
 5917.32     0.5569E-12
 5922.20     0.5569E-12
 5927.07     0.5545E-12
 5931.95     0.5539E-12
 5936.83     0.5533E-12
 5941.70     0.5538E-12
 5946.58     0.5511E-12
 5951.45     0.5529E-12
 5956.33     0.5531E-12
 5961.20     0.5525E-12
 5966.08     0.5522E-12
 5970.96     0.5496E-12
 5975.83     0.5504E-12
 5980.71     0.5492E-12
 5985.59     0.5472E-12
 5990.46     0.5479E-12
 5995.34     0.5455E-12
 6000.21     0.5456E-12
 6005.09     0.5423E-12
 6009.97     0.5428E-12
 6014.84     0.5432E-12
 6019.72     0.5427E-12
 6024.60     0.5413E-12
 6029.47     0.5422E-12
 6034.35     0.5428E-12
 6039.23     0.5405E-12
 6044.10     0.5415E-12
 6048.98     0.5389E-12
 6053.86     0.5389E-12
 6058.73     0.5373E-12
 6063.61     0.5368E-12
 6068.49     0.5357E-12
 6073.36     0.5351E-12
 6078.24     0.5364E-12
 6083.12     0.5363E-12
 6088.00     0.5327E-12
 6092.87     0.5299E-12
 6097.75     0.5307E-12
 6102.63     0.5307E-12
 6107.50     0.5321E-12
 6112.38     0.5285E-12
 6117.26     0.5259E-12
 6122.14     0.5257E-12
 6127.01     0.5284E-12
 6131.89     0.5253E-12
 6136.77     0.5287E-12
 6141.65     0.5273E-12
 6146.52     0.5279E-12
 6151.40     0.5250E-12
 6156.28     0.5217E-12
 6161.16     0.5217E-12
 6166.04     0.5228E-12
 6170.91     0.5234E-12
 6175.79     0.5254E-12
 6180.67     0.5239E-12
 6185.55     0.5212E-12
 6190.42     0.5213E-12
 6195.30     0.5222E-12
 6200.18     0.5234E-12
 6205.06     0.5237E-12
 6209.94     0.5203E-12
 6214.81     0.5183E-12
 6219.69     0.5166E-12
 6224.57     0.5161E-12
 6229.45     0.5178E-12
 6234.33     0.5192E-12
 6239.21     0.5152E-12
 6244.08     0.5117E-12
 6248.96     0.5126E-12
 6253.84     0.5126E-12
 6258.72     0.5150E-12
 6263.60     0.5122E-12
 6268.48     0.5117E-12
 6273.36     0.5166E-12
 6278.23     0.5131E-12
 6283.11     0.5124E-12
 6287.99     0.5124E-12
 6292.87     0.5137E-12
 6297.75     0.5128E-12
 6302.63     0.5088E-12
 6307.51     0.5044E-12
 6312.39     0.5046E-12
 6317.26     0.5022E-12
 6322.14     0.4998E-12
 6327.02     0.4983E-12
 6331.90     0.4987E-12
 6336.78     0.4960E-12
 6341.66     0.5001E-12
 6346.54     0.5037E-12
 6351.42     0.5029E-12
 6356.30     0.5024E-12
 6361.18     0.5007E-12
 6366.06     0.4987E-12
 6370.93     0.4989E-12
 6375.81     0.4997E-12
 6380.69     0.4989E-12
 6385.57     0.4993E-12
 6390.45     0.4982E-12
 6395.33     0.4962E-12
 6400.21     0.4946E-12
 6405.09     0.4943E-12
 6409.97     0.4936E-12
 6414.85     0.4948E-12
 6419.73     0.4943E-12
 6424.61     0.4944E-12
 6429.49     0.4923E-12
 6434.37     0.4914E-12
 6439.25     0.4914E-12
 6444.13     0.4897E-12
 6449.01     0.4877E-12
 6453.89     0.4899E-12
 6458.77     0.4885E-12
 6463.65     0.4885E-12
 6468.53     0.4904E-12
 6473.41     0.4898E-12
 6478.29     0.4876E-12
 6483.17     0.4866E-12
 6488.05     0.4861E-12
 6492.93     0.4833E-12
 6497.81     0.4861E-12
 6502.69     0.4870E-12
 6507.57     0.4858E-12
 6512.45     0.4849E-12
 6517.33     0.4841E-12
 6522.21     0.4818E-12
 6527.09     0.4801E-12
 6531.97     0.4799E-12
 6536.85     0.4768E-12
 6541.73     0.4687E-12
 6546.61     0.4542E-12
 6551.49     0.4329E-12
 6556.37     0.4003E-12
 6561.25     0.3944E-12
 6566.13     0.4251E-12
 6571.02     0.4519E-12
 6575.90     0.4654E-12
 6580.78     0.4694E-12
 6585.66     0.4728E-12
 6590.54     0.4757E-12
 6595.42     0.4748E-12
 6600.30     0.4762E-12
 6605.18     0.4767E-12
 6610.06     0.4773E-12
 6614.94     0.4748E-12
 6619.82     0.4753E-12
 6624.70     0.4746E-12
 6629.58     0.4743E-12
 6634.47     0.4724E-12
 6639.35     0.4708E-12
 6644.23     0.4718E-12
 6649.11     0.4709E-12
 6653.99     0.4702E-12
 6658.87     0.4703E-12
 6663.75     0.4704E-12
 6668.63     0.4687E-12
 6673.52     0.4676E-12
 6678.40     0.4665E-12
 6683.28     0.4681E-12
 6688.16     0.4673E-12
 6693.04     0.4665E-12
 6697.92     0.4660E-12
 6702.80     0.4638E-12
 6707.68     0.4625E-12
 6712.57     0.4622E-12
 6717.45     0.4640E-12
 6722.33     0.4618E-12
 6727.21     0.4606E-12
 6732.09     0.4616E-12
 6736.97     0.4615E-12
 6741.86     0.4615E-12
 6746.74     0.4608E-12
 6751.62     0.4587E-12
 6756.50     0.4585E-12
 6761.38     0.4589E-12
 6766.26     0.4582E-12
 6771.15     0.4559E-12
 6776.03     0.4574E-12
 6780.91     0.4554E-12
 6785.79     0.4543E-12
 6790.67     0.4539E-12
 6795.56     0.4534E-12
 6800.44     0.4543E-12
 6805.32     0.4532E-12
 6810.20     0.4517E-12
 6815.08     0.4527E-12
 6819.96     0.4516E-12
 6824.85     0.4512E-12
 6829.73     0.4524E-12
 6834.61     0.4508E-12
 6839.49     0.4493E-12
 6844.38     0.4491E-12
 6849.26     0.4472E-12
 6854.14     0.4462E-12
 6859.02     0.4460E-12
 6863.90     0.4454E-12
 6868.79     0.4470E-12
 6873.67     0.4467E-12
 6878.55     0.4466E-12
 6883.43     0.4450E-12
 6888.32     0.4444E-12
 6893.20     0.4445E-12
 6898.08     0.4434E-12
 6902.96     0.4427E-12
 6907.85     0.4431E-12
 6912.73     0.4416E-12
 6917.61     0.4418E-12
 6922.49     0.4409E-12
 6927.38     0.4408E-12
 6932.26     0.4417E-12
 6937.14     0.4387E-12
 6942.02     0.4388E-12
 6946.91     0.4382E-12
 6951.79     0.4364E-12
 6956.67     0.4377E-12
 6961.55     0.4374E-12
 6966.44     0.4386E-12
 6971.32     0.4354E-12
 6976.20     0.4344E-12
 6981.08     0.4357E-12
 6985.97     0.4346E-12
 6990.85     0.4333E-12
 6995.73     0.4321E-12
 7000.62     0.4315E-12
 7005.50     0.4304E-12
 7010.38     0.4314E-12
 7015.26     0.4318E-12
 7020.15     0.4316E-12
 7025.03     0.4308E-12
 7029.91     0.4309E-12
 7034.80     0.4299E-12
 7039.68     0.4290E-12
 7044.56     0.4303E-12
 7049.45     0.4288E-12
 7054.33     0.4279E-12
 7059.21     0.4270E-12
 7064.09     0.4264E-12
 7068.98     0.4264E-12
 7073.86     0.4252E-12
 7078.74     0.4243E-12
 7083.63     0.4240E-12
 7088.51     0.4227E-12
 7093.39     0.4230E-12
 7098.28     0.4223E-12
 7103.16     0.4226E-12
 7108.04     0.4226E-12
 7112.93     0.4224E-12
 7117.81     0.4214E-12
 7122.69     0.4205E-12
 7127.58     0.4204E-12
 7132.46     0.4194E-12
 7137.34     0.4180E-12
 7142.23     0.4167E-12
 7147.11     0.4165E-12
 7151.99     0.4184E-12
 7156.88     0.4163E-12
 7161.76     0.4168E-12
 7166.64     0.4165E-12
 7171.53     0.4161E-12
 7176.41     0.4153E-12
 7181.29     0.4138E-12
 7186.18     0.4137E-12
 7191.06     0.4135E-12
 7195.95     0.4121E-12
 7200.83     0.4122E-12
 7205.71     0.4130E-12
 7210.60     0.4139E-12
 7215.48     0.4135E-12
 7220.36     0.4125E-12
 7225.25     0.4124E-12
 7230.13     0.4128E-12
 7235.01     0.4119E-12
 7239.90     0.4104E-12
 7244.78     0.4086E-12
 7249.67     0.4079E-12
 7254.55     0.4085E-12
 7259.43     0.4089E-12
 7264.32     0.4088E-12
 7269.20     0.4089E-12
 7274.08     0.4071E-12
 7278.97     0.4056E-12
 7283.85     0.4065E-12
 7288.74     0.4041E-12
 7293.62     0.4056E-12
 7298.50     0.4030E-12
 7303.39     0.4026E-12
 7308.27     0.4027E-12
 7313.16     0.4013E-12
 7318.04     0.4016E-12
 7322.92     0.4013E-12
 7327.81     0.4004E-12
 7332.69     0.4016E-12
 7337.57     0.4003E-12
 7342.46     0.4007E-12
 7347.34     0.4000E-12
 7352.23     0.3982E-12
 7357.11     0.3970E-12
 7361.99     0.3985E-12
 7366.88     0.3984E-12
 7371.76     0.3979E-12
 7376.65     0.3972E-12
 7381.53     0.3972E-12
 7386.42     0.3949E-12
 7391.30     0.3932E-12
 7396.18     0.3936E-12
 7401.07     0.3936E-12
 7405.95     0.3918E-12
 7410.84     0.3919E-12
 7415.72     0.3911E-12
 7420.60     0.3914E-12
 7425.49     0.3917E-12
 7430.37     0.3895E-12
 7435.26     0.3894E-12
 7440.14     0.3898E-12
 7445.02     0.3898E-12
 7449.91     0.3901E-12
 7454.79     0.3898E-12
 7459.68     0.3881E-12
 7464.56     0.3890E-12
 7469.45     0.3870E-12
 7474.33     0.3873E-12
 7479.21     0.3870E-12
 7484.10     0.3863E-12
 7488.98     0.3846E-12
 7493.87     0.3838E-12
 7498.75     0.3829E-12
 7503.64     0.3826E-12
 7508.52     0.3831E-12
 7513.40     0.3832E-12
 7518.29     0.3831E-12
 7523.17     0.3824E-12
 7528.06     0.3815E-12
 7532.94     0.3814E-12
 7537.83     0.3817E-12
 7542.71     0.3815E-12
 7547.60     0.3794E-12
 7552.48     0.3786E-12
 7557.36     0.3794E-12
 7562.25     0.3800E-12
 7567.13     0.3801E-12
 7572.02     0.3770E-12
 7576.90     0.3774E-12
 7581.79     0.3784E-12
 7586.67     0.3777E-12
 7591.55     0.3767E-12
 7596.44     0.3756E-12
 7601.32     0.3761E-12
 7606.21     0.3743E-12
 7611.09     0.3741E-12
 7615.98     0.3744E-12
 7620.86     0.3738E-12
 7625.75     0.3726E-12
 7630.63     0.3735E-12
 7635.52     0.3729E-12
 7640.40     0.3725E-12
 7645.28     0.3717E-12
 7650.17     0.3705E-12
 7655.05     0.3681E-12
 7659.94     0.3678E-12
 7664.82     0.3692E-12
 7669.71     0.3705E-12
 7674.59     0.3708E-12
 7679.48     0.3691E-12
 7684.36     0.3671E-12
 7689.25     0.3673E-12
 7694.13     0.3659E-12
 7699.01     0.3672E-12
 7703.90     0.3665E-12
 7708.78     0.3658E-12
 7713.67     0.3652E-12
 7718.55     0.3662E-12
 7723.44     0.3663E-12
 7728.32     0.3662E-12
 7733.21     0.3658E-12
 7738.09     0.3636E-12
 7742.98     0.3642E-12
 7747.86     0.3617E-12
 7752.74     0.3609E-12
 7757.63     0.3631E-12
 7762.51     0.3652E-12
 7767.40     0.3612E-12
 7772.28     0.3602E-12
 7777.17     0.3612E-12
 7782.05     0.3599E-12
 7786.94     0.3603E-12
 7791.82     0.3601E-12
 7796.71     0.3602E-12
 7801.59     0.3609E-12
 7806.48     0.3606E-12
 7811.36     0.3586E-12
 7816.24     0.3586E-12
 7821.13     0.3593E-12
 7826.01     0.3584E-12
 7830.90     0.3572E-12
 7835.78     0.3556E-12
 7840.67     0.3564E-12
 7845.55     0.3540E-12
 7850.44     0.3526E-12
 7855.32     0.3559E-12
 7860.21     0.3554E-12
 7865.09     0.3556E-12
 7869.98     0.3572E-12
 7874.86     0.3534E-12
 7879.74     0.3529E-12
 7884.63     0.3524E-12
 7889.51     0.3524E-12
 7894.40     0.3531E-12
 7899.28     0.3537E-12
 7904.17     0.3532E-12
 7909.05     0.3513E-12
 7913.94     0.3502E-12
 7918.82     0.3504E-12
 7923.71     0.3513E-12
 7928.59     0.3506E-12
 7933.47     0.3503E-12
 7938.36     0.3503E-12
 7943.24     0.3498E-12
 7948.13     0.3507E-12
 7953.01     0.3509E-12
 7957.90     0.3474E-12
 7962.78     0.3458E-12
 7967.67     0.3456E-12
 7972.55     0.3449E-12
 7977.44     0.3461E-12
 7982.32     0.3474E-12
 7987.21     0.3463E-12
 7992.09     0.3443E-12
 7996.97     0.3438E-12
 8001.86     0.3424E-12
 8006.74     0.3419E-12
 8011.63     0.3429E-12
 8016.51     0.3425E-12
 8021.40     0.3429E-12
 8026.28     0.3419E-12
 8031.17     0.3417E-12
 8036.05     0.3400E-12
 8040.94     0.3387E-12
 8045.82     0.3384E-12
 8050.70     0.3374E-12
 8055.59     0.3385E-12
 8060.47     0.3379E-12
 8065.36     0.3385E-12
 8070.24     0.3370E-12
 8075.13     0.3369E-12
 8080.01     0.3349E-12
 8084.90     0.3353E-12
 8089.78     0.3354E-12
 8094.67     0.3352E-12
 8099.55     0.3347E-12
 8104.43     0.3342E-12
 8109.32     0.3337E-12
 8114.20     0.3339E-12
 8119.09     0.3335E-12
 8123.97     0.3340E-12
 8128.86     0.3344E-12
 8133.74     0.3341E-12
 8138.62     0.3318E-12
 8143.51     0.3310E-12
 8148.39     0.3310E-12
 8153.28     0.3311E-12
 8158.16     0.3310E-12
 8163.05     0.3304E-12
 8167.93     0.3302E-12
 8172.82     0.3293E-12
 8177.70     0.3273E-12
 8182.58     0.3264E-12
 8187.47     0.3260E-12
 8192.35     0.3252E-12
 8197.24     0.3245E-12
 8202.12     0.3248E-12
 8207.01     0.3253E-12
 8211.89     0.3250E-12
 8216.77     0.3247E-12
 8221.66     0.3253E-12
 8226.54     0.3247E-12
 8231.43     0.3238E-12
 8236.31     0.3232E-12
 8241.20     0.3229E-12
 8246.08     0.3220E-12
 8250.96     0.3226E-12
 8255.85     0.3237E-12
 8260.73     0.3218E-12
 8265.62     0.3216E-12
 8270.50     0.3214E-12
 8275.39     0.3216E-12
 8280.27     0.3219E-12
 8285.15     0.3206E-12
 8290.04     0.3193E-12
 8294.92     0.3176E-12
 8299.81     0.3183E-12
 8304.69     0.3186E-12
 8309.58     0.3182E-12
 8314.46     0.3176E-12
 8319.34     0.3174E-12
 8324.23     0.3163E-12
 8329.11     0.3160E-12
 8334.00     0.3153E-12
 8338.88     0.3159E-12
 8343.76     0.3148E-12
 8348.65     0.3141E-12
 8353.53     0.3148E-12
 8358.42     0.3141E-12
 8363.30     0.3136E-12
 8368.18     0.3133E-12
 8373.07     0.3137E-12
 8377.95     0.3147E-12
 8382.84     0.3138E-12
 8387.72     0.3116E-12
 8392.60     0.3112E-12
 8397.49     0.3120E-12
 8402.37     0.3115E-12
 8407.25     0.3091E-12
 8412.14     0.3107E-12
 8417.02     0.3098E-12
 8421.91     0.3095E-12
 8426.79     0.3093E-12
 8431.67     0.3096E-12
 8436.56     0.3080E-12
 8441.44     0.3046E-12
 8446.33     0.3055E-12
 8451.21     0.3071E-12
 8456.09     0.3073E-12
 8460.98     0.3056E-12
 8465.86     0.3048E-12
 8470.74     0.3069E-12
 8475.63     0.3052E-12
 8480.51     0.3051E-12
 8485.40     0.3023E-12
 8490.28     0.2988E-12
 8495.16     0.2958E-12
 8500.05     0.2987E-12
 8504.93     0.3017E-12
 8509.81     0.3015E-12
 8514.70     0.3035E-12
 8519.58     0.3003E-12
 8524.46     0.2969E-12
 8529.35     0.2931E-12
 8534.23     0.2826E-12
 8539.12     0.2784E-12
 8544.00     0.2865E-12
 8548.88     0.2942E-12
 8553.77     0.2984E-12
 8558.65     0.2988E-12
 8563.53     0.2985E-12
 8568.42     0.2992E-12
 8573.30     0.2998E-12
 8578.18     0.2990E-12
 8583.07     0.2984E-12
 8587.95     0.2961E-12
 8592.83     0.2956E-12
 8597.72     0.2957E-12
 8602.60     0.2967E-12
 8607.48     0.2959E-12
 8612.37     0.2968E-12
 8617.25     0.2955E-12
 8622.13     0.2953E-12
 8627.02     0.2948E-12
 8631.90     0.2952E-12
 8636.78     0.2934E-12
 8641.67     0.2901E-12
 8646.55     0.2884E-12
 8651.43     0.2846E-12
 8656.31     0.2741E-12
 8661.20     0.2762E-12
 8666.08     0.2857E-12
 8670.96     0.2872E-12
 8675.85     0.2891E-12
 8680.73     0.2885E-12
 8685.61     0.2913E-12
 8690.50     0.2914E-12
 8695.38     0.2923E-12
 8700.26     0.2931E-12
 8705.14     0.2935E-12
 8710.03     0.2910E-12
 8714.91     0.2905E-12
 8719.79     0.2895E-12
 8724.67     0.2885E-12
 8729.56     0.2856E-12
 8734.44     0.2857E-12
 8739.32     0.2847E-12
 8744.21     0.2814E-12
 8749.09     0.2829E-12
 8753.97     0.2840E-12
 8758.85     0.2863E-12
 8763.74     0.2885E-12
 8768.62     0.2878E-12
 8773.50     0.2875E-12
 8778.38     0.2869E-12
 8783.27     0.2860E-12
 8788.15     0.2861E-12
 8793.03     0.2861E-12
 8797.92     0.2850E-12
 8802.80     0.2848E-12
 8807.68     0.2856E-12
 8812.56     0.2841E-12
 8817.44     0.2826E-12
 8822.33     0.2832E-12
 8827.21     0.2825E-12
 8832.09     0.2832E-12
 8836.97     0.2820E-12
 8841.86     0.2815E-12
 8846.74     0.2803E-12
 8851.62     0.2776E-12
 8856.50     0.2744E-12
 8861.39     0.2738E-12
 8866.27     0.2763E-12
 8871.15     0.2783E-12
 8876.03     0.2804E-12
 8880.91     0.2825E-12
 8885.80     0.2814E-12
 8890.68     0.2805E-12
 8895.56     0.2789E-12
 8900.44     0.2778E-12
 8905.32     0.2775E-12
 8910.21     0.2785E-12
 8915.09     0.2794E-12
 8919.97     0.2807E-12
 8924.85     0.2791E-12
 8929.73     0.2779E-12
 8934.62     0.2771E-12
 8939.50     0.2765E-12
 8944.38     0.2751E-12
 8949.26     0.2768E-12
 8954.14     0.2773E-12
 8959.02     0.2776E-12
 8963.91     0.2783E-12
 8968.79     0.2767E-12
 8973.67     0.2744E-12
 8978.55     0.2745E-12
 8983.43     0.2734E-12
 8988.31     0.2732E-12
 8993.20     0.2722E-12
 8998.08     0.2675E-12
 9002.96     0.2655E-12
 9007.84     0.2610E-12
 9012.72     0.2615E-12
 9017.60     0.2659E-12
 9022.48     0.2712E-12
 9027.37     0.2711E-12
 9032.25     0.2713E-12
 9037.13     0.2718E-12
 9042.01     0.2698E-12
 9046.89     0.2707E-12
 9051.77     0.2701E-12
 9056.65     0.2684E-12
 9061.53     0.2714E-12
 9066.42     0.2730E-12
 9071.30     0.2710E-12
 9076.18     0.2728E-12
 9081.06     0.2715E-12
 9085.94     0.2681E-12
 9090.82     0.2667E-12
 9095.70     0.2684E-12
 9100.58     0.2683E-12
 9105.46     0.2680E-12
 9110.34     0.2687E-12
 9115.22     0.2681E-12
 9120.11     0.2677E-12
 9124.99     0.2676E-12
 9129.87     0.2668E-12
 9134.75     0.2682E-12
 9139.63     0.2689E-12
 9144.51     0.2701E-12
 9149.39     0.2715E-12
 9154.27     0.2715E-12
 9159.15     0.2695E-12
 9164.03     0.2677E-12
 9168.91     0.2661E-12
 9173.79     0.2630E-12
 9178.67     0.2627E-12
 9183.55     0.2636E-12
 9188.43     0.2644E-12
 9193.31     0.2636E-12
 9198.19     0.2641E-12
 9203.07     0.2605E-12
 9207.96     0.2556E-12
 9212.83     0.2540E-12
 9217.71     0.2497E-12
 9222.60     0.2464E-12
 9227.48     0.2489E-12
 9232.36     0.2522E-12
 9237.24     0.2545E-12
 9242.12     0.2551E-12
 9247.00     0.2547E-12
 9251.88     0.2548E-12
 9256.76     0.2569E-12
 9261.64     0.2577E-12
 9266.52     0.2571E-12
 9271.40     0.2569E-12
 9276.28     0.2575E-12
 9281.16     0.2560E-12
 9286.03     0.2561E-12
 9290.91     0.2592E-12
 9295.79     0.2585E-12
 9300.67     0.2573E-12
 9305.55     0.2562E-12
 9310.43     0.2548E-12
 9315.31     0.2527E-12
 9320.19     0.2514E-12
 9325.07     0.2530E-12
 9329.95     0.2525E-12
 9334.83     0.2536E-12
 9339.71     0.2532E-12
 9344.59     0.2507E-12
 9349.47     0.2513E-12
 9354.35     0.2522E-12
 9359.23     0.2539E-12
 9364.11     0.2526E-12
 9368.98     0.2534E-12
 9373.86     0.2530E-12
 9378.74     0.2529E-12
 9383.62     0.2527E-12
 9388.50     0.2531E-12
 9393.38     0.2532E-12
 9398.26     0.2511E-12
 9403.14     0.2508E-12
 9408.02     0.2497E-12
 9412.90     0.2500E-12
 9417.77     0.2471E-12
 9422.65     0.2470E-12
 9427.53     0.2474E-12
 9432.41     0.2478E-12
 9437.29     0.2477E-12
 9442.17     0.2499E-12
 9447.05     0.2497E-12
 9451.92     0.2491E-12
 9456.80     0.2489E-12
 9461.68     0.2475E-12
 9466.56     0.2477E-12
 9471.44     0.2464E-12
 9476.32     0.2466E-12
 9481.20     0.2476E-12
 9486.07     0.2447E-12
 9490.95     0.2445E-12
 9495.83     0.2437E-12
 9500.71     0.2435E-12
 9505.59     0.2439E-12
 9510.46     0.2420E-12
 9515.34     0.2409E-12
 9520.22     0.2407E-12
 9525.10     0.2373E-12
 9529.98     0.2372E-12
 9534.85     0.2345E-12
 9539.73     0.2289E-12
 9544.61     0.2302E-12
 9549.49     0.2352E-12
 9554.37     0.2362E-12
 9559.24     0.2378E-12
 9564.12     0.2410E-12
 9569.00     0.2408E-12
 9573.88     0.2392E-12
 9578.75     0.2400E-12
 9583.63     0.2384E-12
 9588.51     0.2391E-12
 9593.39     0.2398E-12
 9598.26     0.2392E-12
 9603.14     0.2385E-12
 9608.02     0.2392E-12
 9612.89     0.2400E-12
 9617.77     0.2385E-12
 9622.65     0.2360E-12
 9627.53     0.2369E-12
 9632.40     0.2356E-12
 9637.28     0.2366E-12
 9642.16     0.2363E-12
 9647.03     0.2349E-12
 9651.91     0.2369E-12
 9656.79     0.2366E-12
 9661.67     0.2373E-12
 9666.54     0.2380E-12
 9671.42     0.2379E-12
 9676.29     0.2362E-12
 9681.17     0.2339E-12
 9686.05     0.2344E-12
 9690.92     0.2358E-12
 9695.80     0.2369E-12
 9700.68     0.2370E-12
 9705.55     0.2358E-12
 9710.43     0.2328E-12
 9715.31     0.2321E-12
 9720.18     0.2307E-12
 9725.06     0.2307E-12
 9729.94     0.2307E-12
 9734.81     0.2314E-12
 9739.69     0.2297E-12
 9744.56     0.2293E-12
 9749.44     0.2296E-12
 9754.32     0.2312E-12
 9759.19     0.2315E-12
 9764.07     0.2312E-12
 9768.94     0.2307E-12
 9773.82     0.2306E-12
 9778.70     0.2313E-12
 9783.57     0.2314E-12
 9788.45     0.2332E-12
 9793.32     0.2298E-12
 9798.20     0.2296E-12
 9803.07     0.2317E-12
 9807.95     0.2297E-12
 9812.83     0.2279E-12
 9817.70     0.2263E-12
 9822.58     0.2265E-12
 9827.45     0.2275E-12
 9832.33     0.2268E-12
 9837.20     0.2274E-12
 9842.08     0.2274E-12
 9846.95     0.2274E-12
 9851.83     0.2284E-12
 9856.70     0.2263E-12
 9861.58     0.2254E-12
 9866.45     0.2257E-12
 9871.33     0.2225E-12
 9876.20     0.2261E-12
 9881.08     0.2289E-12
 9885.95     0.2281E-12
 9890.83     0.2262E-12
 9895.70     0.2256E-12
 9900.58     0.2242E-12
 9905.45     0.2210E-12
 9910.33     0.2226E-12
 9915.20     0.2217E-12
 9920.07     0.2220E-12
 9924.95     0.2247E-12
 9929.82     0.2217E-12
 9934.70     0.2218E-12
 9939.57     0.2217E-12
 9944.45     0.2214E-12
 9949.32     0.2209E-12
 9954.19     0.2197E-12
 9959.07     0.2204E-12
 9963.94     0.2216E-12
 9968.82     0.2199E-12
 9973.69     0.2188E-12
 9978.56     0.2209E-12
 9983.44     0.2204E-12
 9988.31     0.2200E-12
 9993.18     0.2194E-12
 9998.06     0.2206E-12
10002.93     0.2211E-12
10007.81     0.2205E-12
10012.68     0.2199E-12
10017.55     0.2203E-12
10022.43     0.2175E-12
10027.30     0.2140E-12
10032.17     0.2119E-12
10037.05     0.2112E-12
10041.92     0.2065E-12
10046.79     0.2060E-12
10051.67     0.2079E-12
10056.54     0.2115E-12
10061.41     0.2126E-12
10066.28     0.2143E-12
10071.16     0.2142E-12
10076.03     0.2160E-12
10080.90     0.2136E-12
10085.78     0.2127E-12
10090.65     0.2133E-12
10095.52     0.2156E-12
10100.39     0.2147E-12
10105.27     0.2147E-12
10110.14     0.2156E-12
10115.01     0.2164E-12
10119.88     0.2153E-12
10124.76     0.2176E-12
10129.63     0.2187E-12
10134.50     0.2167E-12
10139.37     0.2175E-12
10144.24     0.2153E-12
10149.12     0.2160E-12
10153.99     0.2159E-12
10158.86     0.2129E-12
10187.00     0.2123E-12
10215.00     0.2110E-12
10242.00     0.2093E-12
10270.00     0.2073E-12
10298.00     0.2058E-12
10325.00     0.2043E-12
10353.00     0.2035E-12
10380.00     0.2028E-12
10408.00     0.2011E-12
10436.00     0.2001E-12
10463.00     0.1996E-12
10491.00     0.1982E-12
10518.00     0.1964E-12
10546.00     0.1961E-12
10574.00     0.1944E-12
10601.00     0.1926E-12
10629.00     0.1925E-12
10656.00     0.1905E-12
10684.00     0.1903E-12
10712.00     0.1894E-12
10739.00     0.1881E-12
10767.00     0.1873E-12
10794.00     0.1857E-12
10822.00     0.1836E-12
10850.00     0.1820E-12
10877.00     0.1791E-12
10905.00     0.1783E-12
10932.00     0.1767E-12
10960.00     0.1760E-12
10988.00     0.1769E-12
11015.00     0.1764E-12
11043.00     0.1754E-12
11070.00     0.1739E-12
11098.00     0.1725E-12
11126.00     0.1725E-12
11153.00     0.1717E-12
11181.00     0.1718E-12
11208.00     0.1719E-12
11236.00     0.1703E-12
11264.00     0.1686E-12
11291.00     0.1672E-12
11319.00     0.1655E-12
11346.00     0.1637E-12
11374.00     0.1626E-12
11402.00     0.1622E-12
11429.00     0.1614E-12
11457.00     0.1603E-12
11484.00     0.1599E-12
11512.00     0.1585E-12
11540.00     0.1566E-12
11567.00     0.1558E-12
11595.00     0.1546E-12
11622.00     0.1535E-12
11650.00     0.1523E-12
11678.00     0.1514E-12
11715.00     0.1534E-12
11755.00     0.1517E-12
11795.00     0.1498E-12
11835.00     0.1478E-12
11875.00     0.1463E-12
11915.00     0.1449E-12
11955.00     0.1433E-12
11995.00     0.1420E-12
12035.00     0.1411E-12
12075.00     0.1401E-12
12116.00     0.1391E-12
12156.00     0.1383E-12
12196.00     0.1373E-12
12236.00     0.1363E-12
12276.00     0.1351E-12
12316.00     0.1340E-12
12356.00     0.1332E-12
12396.00     0.1320E-12
12436.00     0.1309E-12
12476.00     0.1304E-12
12516.00     0.1297E-12
12556.00     0.1285E-12
12597.00     0.1271E-12
12637.00     0.1258E-12
12677.00     0.1242E-12
12717.00     0.1220E-12
12757.00     0.1199E-12
12797.00     0.1181E-12
12837.00     0.1177E-12
12877.00     0.1182E-12
12917.00     0.1187E-12
12957.00     0.1185E-12
12997.00     0.1182E-12
13037.00     0.1179E-12
13077.00     0.1171E-12
13118.00     0.1158E-12
13158.00     0.1144E-12
13198.00     0.1136E-12
13238.00     0.1128E-12
13278.00     0.1118E-12
13318.00     0.1109E-12
13358.00     0.1098E-12
13398.00     0.1090E-12
13438.00     0.1083E-12
13478.00     0.1076E-12
13518.00     0.1070E-12
13558.00     0.1065E-12
13599.00     0.1058E-12
13639.00     0.1054E-12
13679.00     0.1050E-12
13719.00     0.1043E-12
13759.00     0.1039E-12
13799.00     0.1033E-12
13839.00     0.1024E-12
13879.00     0.1016E-12
13919.00     0.1010E-12
13959.00     0.1003E-12
13999.00     0.9957E-13
14039.00     0.9872E-13
14079.00     0.9798E-13
14120.00     0.9735E-13
14160.00     0.9663E-13
14200.00     0.9575E-13
14240.00     0.9505E-13
14280.00     0.9454E-13
14320.00     0.9401E-13
14360.00     0.9361E-13
14400.00     0.9325E-13
14440.00     0.9271E-13
14480.00     0.9200E-13
14520.00     0.9165E-13
14560.00     0.9139E-13
14601.00     0.9076E-13
14641.00     0.8999E-13
14681.00     0.8930E-13
14721.00     0.8866E-13
14761.00     0.8785E-13
14801.00     0.8710E-13
14841.00     0.8660E-13
14881.00     0.8630E-13
14921.00     0.8598E-13
14961.00     0.8557E-13
15001.00     0.8516E-13
15041.00     0.8464E-13
15081.00     0.8409E-13
15122.00     0.8352E-13
15162.00     0.8297E-13
15202.00     0.8222E-13
15242.00     0.8160E-13
15282.00     0.8107E-13
15322.00     0.8055E-13
15362.00     0.8026E-13
15402.00     0.7988E-13
15442.00     0.7950E-13
15482.00     0.7912E-13
15522.00     0.7859E-13
15562.00     0.7787E-13
15603.00     0.7708E-13
15643.00     0.7626E-13
15683.00     0.7547E-13
15723.00     0.7493E-13
15763.00     0.7448E-13
15803.00     0.7408E-13
15843.00     0.7373E-13
15883.00     0.7335E-13
15923.00     0.7300E-13
15963.00     0.7270E-13
16003.00     0.7232E-13
16043.00     0.7164E-13
16083.00     0.7088E-13
16124.00     0.7032E-13
16164.00     0.6991E-13
16204.00     0.6944E-13
16244.00     0.6890E-13
16284.00     0.6820E-13
16324.00     0.6738E-13
16364.00     0.6663E-13
16404.00     0.6600E-13
16444.00     0.6561E-13
16484.00     0.6541E-13
16524.00     0.6524E-13
16564.00     0.6489E-13
16605.00     0.6433E-13
16645.00     0.6359E-13
16685.00     0.6279E-13
16725.00     0.6192E-13
16765.00     0.6111E-13
16805.00     0.6047E-13
16845.00     0.6018E-13
16885.00     0.6008E-13
16925.00     0.5992E-13
16965.00     0.5967E-13
17005.00     0.5939E-13
17045.00     0.5897E-13
17085.00     0.5833E-13
17126.00     0.5770E-13
17166.00     0.5718E-13
17206.00     0.5665E-13
17246.00     0.5585E-13
17286.00     0.5489E-13
17326.00     0.5406E-13
17366.00     0.5347E-13
17406.00     0.5328E-13
17446.00     0.5324E-13
17486.00     0.5309E-13
17526.00     0.5284E-13
17566.00     0.5257E-13
17607.00     0.5224E-13
17647.00     0.5183E-13
17687.00     0.5137E-13
17727.00     0.5099E-13
17767.00     0.5059E-13
17807.00     0.5017E-13
17847.00     0.4975E-13
17887.00     0.4946E-13
17927.00     0.4920E-13
17967.00     0.4880E-13
18007.00     0.4832E-13
18047.00     0.4768E-13
18087.00     0.4706E-13
18118.00     0.4709E-13
18175.00     0.4630E-13
18232.00     0.4597E-13
18289.00     0.4579E-13
18345.00     0.4557E-13
18402.00     0.4553E-13
18459.00     0.4471E-13
18516.00     0.4343E-13
18572.00     0.4278E-13
18629.00     0.4211E-13
18686.00     0.4160E-13
18743.00     0.4102E-13
18800.00     0.4090E-13
18856.00     0.4090E-13
18913.00     0.4058E-13
18970.00     0.4016E-13
19027.00     0.3971E-13
19083.00     0.3933E-13
19140.00     0.3882E-13
19197.00     0.3839E-13
19254.00     0.3788E-13
19310.00     0.3741E-13
19367.00     0.3682E-13
19424.00     0.3609E-13
19481.00     0.3573E-13
19537.00     0.3558E-13
19594.00     0.3557E-13
19651.00     0.3548E-13
19708.00     0.3516E-13
19765.00     0.3478E-13
19821.00     0.3437E-13
19878.00     0.3403E-13
19935.00     0.3371E-13
19992.00     0.3348E-13
20048.00     0.3314E-13
20105.00     0.3273E-13
20162.00     0.3239E-13
20219.00     0.3203E-13
20275.00     0.3177E-13
20332.00     0.3149E-13
20389.00     0.3116E-13
20446.00     0.3081E-13
20502.00     0.3054E-13
20559.00     0.3028E-13
20616.00     0.2997E-13
20673.00     0.2969E-13
20730.00     0.2943E-13
20786.00     0.2922E-13
20843.00     0.2891E-13
20900.00     0.2856E-13
20957.00     0.2827E-13
21013.00     0.2799E-13
21070.00     0.2781E-13
21127.00     0.2756E-13
21184.00     0.2729E-13
21240.00     0.2707E-13
21297.00     0.2684E-13
21354.00     0.2659E-13
21411.00     0.2624E-13
21467.00     0.2596E-13
21524.00     0.2557E-13
21581.00     0.2518E-13
21638.00     0.2490E-13
21695.00     0.2474E-13
21751.00     0.2467E-13
21808.00     0.2455E-13
21865.00     0.2436E-13
21922.00     0.2412E-13
21978.00     0.2397E-13
22035.00     0.2379E-13
22092.00     0.2353E-13
22149.00     0.2329E-13
22205.00     0.2310E-13
22262.00     0.2291E-13
22319.00     0.2270E-13
22376.00     0.2249E-13
22432.00     0.2231E-13
22489.00     0.2209E-13
22546.00     0.2194E-13
22603.00     0.2182E-13
22660.00     0.2165E-13
22716.00     0.2144E-13
22773.00     0.2124E-13
22830.00     0.2105E-13
22887.00     0.2085E-13
22943.00     0.2063E-13
23000.00     0.2045E-13
23057.00     0.2026E-13
23114.00     0.2009E-13
23170.00     0.1994E-13
23227.00     0.1972E-13
23284.00     0.1952E-13
23341.00     0.1941E-13
23397.00     0.1938E-13
23454.00     0.1922E-13
23511.00     0.1903E-13
23568.00     0.1881E-13
23625.00     0.1859E-13
23681.00     0.1842E-13
23738.00     0.1823E-13
23795.00     0.1805E-13
23852.00     0.1783E-13
23908.00     0.1763E-13
23965.00     0.1745E-13
24022.00     0.1727E-13
24079.00     0.1708E-13
24135.00     0.1690E-13
24192.00     0.1671E-13
24249.00     0.1657E-13
24306.00     0.1644E-13
24362.00     0.1629E-13
24419.00     0.1612E-13
24476.00     0.1593E-13
24533.00     0.1579E-13
24590.00     0.1575E-13
24646.00     0.1583E-13
24703.00     0.1589E-13
24760.00     0.1589E-13
24817.00     0.1586E-13
