Object,RA,Dec,SDSS-u,SDSS-u-err,SDSS-g,SDSS-g-err,SDSS-r,SDSS-r-err,SDSS-i,SDSS-i-err,SDSS-z,SDSS-z-err,PS1-g,PS1-g-err,PS1-r,PS1-r-err,PS1-i,PS1-i-err,PS1-z,PS1-z-err,DES-u,DES-u-err,DES-g,DES-g-err,DES-r,DES-r-err,DES-i,DES-i-err,DES-z,DES-z-err,DES-y,DES-y-err
g191b2b,05:05:30.61,+52:49:51.96,11.033,0.016,11.47,0.004,12.007,0.006999999999999999,12.388,0.004,12.74,0.006,-999.0,-999.0,-999.0,-999.0,-999.0,-999.0,-999.0,-999.0,-999.0,-999.0,-999.0,-999.0,-999.0,-999.0,-999.0,-999.0,-999.0,-999.0,-999.0,-999.0
gd153,12:57:02.34,+22:01:52.68,12.7,0.04,13.022,0.012,13.573,0.011000000000000001,13.95,0.009000000000000001,14.307,0.016,-999.0,-999.0,-999.0,-999.0,-999.0,-999.0,-999.0,-999.0,-999.0,-999.0,-999.0,-999.0,-999.0,-999.0,-999.0,-999.0,-999.0,-999.0,-999.0,-999.0
gd71,05:52:27.61,+15:53:13.75,12.437999999999999,0.017,12.752,0.001,13.241,0.012,13.610999999999999,0.004,13.972999999999999,0.018000000000000002,-999.0,-999.0,-999.0,-999.0,-999.0,-999.0,-999.0,-999.0,-999.0,-999.0,-999.0,-999.0,-999.0,-999.0,-999.0,-999.0,-999.0,-999.0,-999.0,-999.0
sdssj010322,01:03:22.201,-00:20:47.800,18.643,0.022000000000000002,19.06,0.011000000000000001,19.509,0.017,19.906,0.032,20.198,0.158,19.093,0.009000000000000001,19.57,0.018000000000000002,19.979,0.018000000000000002,20.13,0.069,-999.0,-999.0,19.103286999999998,0.0024455991,19.631392,0.0032439935,20.005066,0.0059605809,20.288692,0.006278383100000001,20.413,0.048
atlas020.503022,01:22:00.725,-30:52:03.95,-999.0,-999.0,-999.0,-999.0,-999.0,-999.0,-999.0,-999.0,-999.0,-999.0,-999.0,-999.0,-999.0,-999.0,-999.0,-999.0,-999.0,-999.0,-999.0,-999.0,18.469011,0.0012176898,18.978994,0.0015973639000000002,19.349195,0.0027148171999999996,19.663263,0.0047322675,19.817999999999998,0.024
sdssj022817,02:28:17.183,-08:27:16.301,19.798,0.040999999999999995,19.769000000000002,0.015,20.15,0.025,20.367,0.042,21.197,0.41,19.837,0.013,20.188,0.055999999999999994,20.523000000000003,0.034,20.803,0.08800000000000001,-999.0,-999.0,19.815931,0.0026199846,20.224056,0.0035251447,20.517965,0.0064306329,20.875118,0.031003362000000003,20.997,0.073
sssj023824,02:38:24.969,-36:02:23.222,-999.0,-999.0,-999.0,-999.0,-999.0,-999.0,-999.0,-999.0,-999.0,-999.0,-999.0,-999.0,-999.0,-999.0,-999.0,-999.0,-999.0,-999.0,-999.0,-999.0,18.093466,0.00092519302,18.482457999999998,0.0010800228,18.793016,0.0017176301000000002,19.044378,0.0026556361,19.219,0.012
sdssj024854,02:48:54.965,33:45:48.244,18.105,0.013999999999999999,18.33,0.006999999999999999,18.69,0.009000000000000001,18.921,0.013999999999999999,19.213,0.053,18.351,0.006999999999999999,18.699,0.008,18.972,0.012,19.198,0.033,-999.0,-999.0,-999.0,-999.0,-999.0,-999.0,-999.0,-999.0,-999.0,-999.0,-999.0,-999.0
sssj045822,04:58:23.133,-56:37:33.434,-999.0,-999.0,-999.0,-999.0,-999.0,-999.0,-999.0,-999.0,-999.0,-999.0,-999.0,-999.0,-999.0,-999.0,-999.0,-999.0,-999.0,-999.0,-999.0,-999.0,17.77,0.001,18.272000000000002,0.001,18.637,0.002,18.939,0.003,19.134,0.015
sssj054114,05:41:14.759,-19:30:38.896,-999.0,-999.0,-999.0,-999.0,-999.0,-999.0,-999.0,-999.0,-999.0,-999.0,-999.0,-999.0,-999.0,-999.0,-999.0,-999.0,-999.0,-999.0,-999.0,-999.0,18.28,0.001,18.684,0.001,18.995,0.002,19.261,0.004,19.41,0.015
sssj063941,06:39:41.468,-57:12:31.164,-999.0,-999.0,-999.0,-999.0,-999.0,-999.0,-999.0,-999.0,-999.0,-999.0,-999.0,-999.0,-999.0,-999.0,-999.0,-999.0,-999.0,-999.0,-999.0,-999.0,18.188276000000002,0.0021198434,18.68552,0.003990042,19.039452,0.0040849345,19.328518,0.0069553666,-999.0,-999.0
sdssj072752,07:27:52.752,32:14:16.046,17.564,0.011000000000000001,17.962,0.006,18.455,0.008,18.78,0.013,19.042,0.057,18.018,0.011000000000000001,18.475,0.012,18.805999999999997,0.011000000000000001,19.127,0.03,-999.0,-999.0,-999.0,-999.0,-999.0,-999.0,-999.0,-999.0,-999.0,-999.0,-999.0,-999.0
sdssj081508,08:15:08.782,07:31:45.775,19.385,0.027999999999999997,19.651,0.012,20.177,0.023,20.528000000000002,0.037000000000000005,20.54,0.153,19.781,0.038,20.328,0.042,20.625,0.067,20.71,0.165,-999.0,-999.0,-999.0,-999.0,-999.0,-999.0,-999.0,-999.0,-999.0,-999.0,-999.0,-999.0
sssj095657,09:56:57.009,-38:41:30.269,-999.0,-999.0,-999.0,-999.0,-999.0,-999.0,-999.0,-999.0,-999.0,-999.0,-999.0,-999.0,-999.0,-999.0,-999.0,-999.0,-999.0,-999.0,-999.0,-999.0,-999.0,-999.0,-999.0,-999.0,-999.0,-999.0,-999.0,-999.0,-999.0,-999.0
sdssj102430,10:24:30.912,-00:32:07.16,18.586,0.017,18.839000000000002,0.009000000000000001,19.292,0.013,19.592,0.021,19.759,0.079,18.885,0.01,19.292,0.026,19.44,0.102,19.758,0.026,-999.0,-999.0,-999.0,-999.0,-999.0,-999.0,-999.0,-999.0,-999.0,-999.0,-999.0,-999.0
sssj105525,10:55:25.356,-36:12:14.731,-999.0,-999.0,-999.0,-999.0,-999.0,-999.0,-999.0,-999.0,-999.0,-999.0,-999.0,-999.0,-999.0,-999.0,-999.0,-999.0,-999.0,-999.0,-999.0,-999.0,-999.0,-999.0,-999.0,-999.0,-999.0,-999.0,-999.0,-999.0,-999.0,-999.0
sdssj111059,11:10:59.436,-17:09:54.308,17.48,0.011000000000000001,17.825,0.006,18.294,0.008,18.612000000000002,0.012,18.909000000000002,0.043,17.895,0.004,18.302,0.01,18.607,0.013,18.957,0.02,-999.0,-999.0,-999.0,-999.0,-999.0,-999.0,-999.0,-999.0,-999.0,-999.0,-999.0,-999.0
sdssj111127,11:11:27.313,39:56:28.105,17.96,0.013,18.374000000000002,0.006999999999999999,18.905,0.01,19.264,0.017,19.628,0.068,18.412,0.013999999999999999,18.886,0.008,19.26,0.011000000000000001,19.586,0.025,-999.0,-999.0,-999.0,-999.0,-999.0,-999.0,-999.0,-999.0,-999.0,-999.0,-999.0,-999.0
sdssj120650,12:06:50.41,02:01:42.138,-999.0,-999.0,-999.0,-999.0,-999.0,-999.0,-999.0,-999.0,-999.0,-999.0,18.692999999999998,0.012,19.096,0.026,19.387999999999998,0.019,19.645,0.031,-999.0,-999.0,-999.0,-999.0,-999.0,-999.0,-999.0,-999.0,-999.0,-999.0,-999.0,-999.0
wd1203,12:06:20.354,-27:29:40.639,-999.0,-999.0,-999.0,-999.0,-999.0,-999.0,-999.0,-999.0,-999.0,-999.0,-999.0,-999.0,-999.0,-999.0,-999.0,-999.0,-999.0,-999.0,-999.0,-999.0,-999.0,-999.0,-999.0,-999.0,-999.0,-999.0,-999.0,-999.0,-999.0,-999.0
sdssj121405,12:14:05.111,45:38:18.626,17.358,0.009000000000000001,17.7,0.005,18.197,0.006999999999999999,18.54,0.012,18.762999999999998,0.034,17.779,0.006,18.236,0.006999999999999999,18.569000000000003,0.01,18.849,0.018000000000000002,-999.0,-999.0,-999.0,-999.0,-999.0,-999.0,-999.0,-999.0,-999.0,-999.0,-999.0,-999.0
sdssj130234,13:02:34.422,10:12:38.717,16.637,0.008,16.982,0.004,17.468,0.006,17.842,0.006999999999999999,18.146,0.027999999999999997,17.052,0.004,17.494,0.005,17.858,0.006,18.114,0.009000000000000001,-999.0,-999.0,-999.0,-999.0,-999.0,-999.0,-999.0,-999.0,-999.0,-999.0,-999.0,-999.0
sdssj131445,13:14:45.046,-03:14:15.685,-999.0,-999.0,-999.0,-999.0,-999.0,-999.0,-999.0,-999.0,-999.0,-999.0,19.078,0.013,19.555999999999997,0.023,19.887,0.028999999999999998,20.24,0.06,-999.0,-999.0,-999.0,-999.0,-999.0,-999.0,-999.0,-999.0,-999.0,-999.0,-999.0,-999.0
sssj143459,14:34:59.528,-28:19:03.295,-999.0,-999.0,-999.0,-999.0,-999.0,-999.0,-999.0,-999.0,-999.0,-999.0,-999.0,-999.0,-999.0,-999.0,-999.0,-999.0,-999.0,-999.0,-999.0,-999.0,-999.0,-999.0,-999.0,-999.0,-999.0,-999.0,-999.0,-999.0,-999.0,-999.0
sdssj151421,15:14:21.277,00:47:52.380,15.475,0.004,15.663,0.003,16.089000000000002,0.004,16.412,0.004,16.727999999999998,0.012,15.72,0.003,16.101,0.004,16.434,0.002,16.715,0.005,-999.0,-999.0,-999.0,-999.0,-999.0,-999.0,-999.0,-999.0,-999.0,-999.0,-999.0,-999.0
wd1529,15:35:45.179,-77:24:44.832,-999.0,-999.0,-999.0,-999.0,-999.0,-999.0,-999.0,-999.0,-999.0,-999.0,-999.0,-999.0,-999.0,-999.0,-999.0,-999.0,-999.0,-999.0,-999.0,-999.0,-999.0,-999.0,-999.0,-999.0,-999.0,-999.0,-999.0,-999.0,-999.0,-999.0
sdssj155745,15:57:45.38,55:46:09.361,16.982,0.008,17.438,0.005,17.985,0.006999999999999999,18.344,0.01,18.685,0.038,17.487000000000002,0.005,17.958,0.006,18.355999999999998,0.005,18.647000000000002,0.013,-999.0,-999.0,-999.0,-999.0,-999.0,-999.0,-999.0,-999.0,-999.0,-999.0,-999.0,-999.0
sdssj163800,16:38:00.352,00:47:17.739,-999.0,-999.0,-999.0,-999.0,-999.0,-999.0,-999.0,-999.0,-999.0,-999.0,18.86,0.015,19.314,0.023,19.611,0.013999999999999999,19.816,0.048,-999.0,-999.0,-999.0,-999.0,-999.0,-999.0,-999.0,-999.0,-999.0,-999.0,-999.0,-999.0
sdssj181424,18:14:24.078,78:54:03.084,-999.0,-999.0,-999.0,-999.0,-999.0,-999.0,-999.0,-999.0,-999.0,-999.0,16.573,0.005,17.007,0.003,17.358,0.004,17.651,0.009000000000000001,-999.0,-999.0,-999.0,-999.0,-999.0,-999.0,-999.0,-999.0,-999.0,-999.0,-999.0,-999.0
sssj183717,18:37:17.906,-70:02:52.513,-999.0,-999.0,-999.0,-999.0,-999.0,-999.0,-999.0,-999.0,-999.0,-999.0,-999.0,-999.0,-999.0,-999.0,-999.0,-999.0,-999.0,-999.0,-999.0,-999.0,-999.0,-999.0,-999.0,-999.0,-999.0,-999.0,-999.0,-999.0,-999.0,-999.0
sssj193018,19:30:18.995,-52:03:46.55,-999.0,-999.0,-999.0,-999.0,-999.0,-999.0,-999.0,-999.0,-999.0,-999.0,-999.0,-999.0,-999.0,-999.0,-999.0,-999.0,-999.0,-999.0,-999.0,-999.0,-999.0,-999.0,-999.0,-999.0,-999.0,-999.0,-999.0,-999.0,-999.0,-999.0
sdssj210150,21:01:50.667,-05:45:51.159,18.46,0.017,18.651,0.009000000000000001,19.046,0.012,19.387999999999998,0.022000000000000002,19.791,0.09300000000000001,18.652,0.008,19.052,0.008,19.41,0.02,19.703,0.038,-999.0,-999.0,-999.0,-999.0,-999.0,-999.0,-999.0,-999.0,-999.0,-999.0,-999.0,-999.0
wd2314,23:17:20.294,-29:03:21.647,-999.0,-999.0,-999.0,-999.0,-999.0,-999.0,-999.0,-999.0,-999.0,-999.0,-999.0,-999.0,-999.0,-999.0,-999.0,-999.0,-999.0,-999.0,-999.0,-999.0,-999.0,-999.0,-999.0,-999.0,-999.0,-999.0,-999.0,-999.0,-999.0,-999.0
sdssj232941,23:29:41.321,00:11:07.565,-999.0,-999.0,-999.0,-999.0,-999.0,-999.0,-999.0,-999.0,-999.0,-999.0,18.134,0.005,18.452,0.005,18.772000000000002,0.01,19.003,0.013,-999.0,-999.0,18.165644,0.0012883019,18.520042,0.0012605011999999999,18.821279999999998,0.0020904130999999998,19.072851,0.0031926902000000003,19.247,0.015
sdssj235144,23:51:44.274,37:55:42.569,17.771,0.011000000000000001,18.022000000000002,0.006,18.437,0.008,18.757,0.011000000000000001,19.007,0.046,18.085,0.003,18.447,0.011000000000000001,18.776,0.012,19.1,0.038,-999.0,-999.0,-999.0,-999.0,-999.0,-999.0,18.821279999999998,-999.0,19.072851,-999.0,-999.0,-999.0
