1675.5682276208638 -1.1158364e-14
1676.9410040860355 -3.6464616e-15
1678.3137805512074 1.5062834e-14
1679.6865570163789 -5.497952e-15
1681.0593334815505 1.9104998e-14
1682.432109946722 2.4004278e-14
1683.8048864118937 -7.785433e-15
1685.1776628770656 2.9335163e-14
1686.550439342237 -1.4517628e-14
1687.9232158074087 2.6586052e-15
1689.2959922725806 1.2134705e-14
1690.668768737752 -7.145562e-15
1692.0415452029238 -4.9425736e-15
1693.4143216680957 3.457214e-14
1694.7870981332671 1.10395456e-14
1696.1598745984388 1.0168547e-14
1697.5326510636107 2.0521653e-14
1698.9054275287822 -2.9731067e-14
1700.2782039939539 9.585875e-15
1701.6509804591258 -4.8652704e-15
1703.0237569242972 -2.4403165e-14
1704.396533389469 5.3905554e-15
1705.7693098546404 -1.0414509e-14
1707.142086319812 -2.2310033e-15
1708.514862784984 1.6528332e-14
1709.8876392501554 -6.8127787e-15
1711.260415715327 -5.5428155e-15
1712.633192180499 2.1322748e-15
1714.0059686456705 -7.968445e-15
1715.3787451108421 1.0537706e-14
1716.751521576014 -6.39348e-15
1718.1242980411855 -7.2213e-15
1719.4970745063572 1.6787239e-15
1720.869850971529 -7.174861e-15
1722.2426274367006 -7.357344e-15
1723.6154039018722 8.093383e-15
1724.988180367044 7.2749195e-15
1726.3609568322156 4.499177e-15
1727.7337332973873 1.1271219e-14
1729.106509762559 -1.4665632e-14
1730.4792862277304 1.6482196e-14
1731.8520626929023 1.1139896e-14
1733.2248391580738 -1.0757529e-15
1734.5976156232455 3.817413e-15
1735.9703920884174 -1.5230738e-15
1737.3431685535888 -5.737587e-15
1738.7159450187605 1.1445892e-14
1740.0887214839324 3.0944189e-15
1741.461497949104 -1.4047033e-14
1742.8342744142756 1.1058709e-15
1744.2070508794473 -6.749749e-15
1745.579827344619 2.7296537e-15
1746.9526038097906 8.738077e-15
1748.3253802749623 -8.404253e-15
1749.698156740134 2.722807e-15
1751.0709332053057 3.5929414e-15
1752.4437096704773 -6.3291793e-15
1753.8164861356488 5.9676364e-15
1755.1892626008207 8.856167e-15
1756.5620390659922 1.706492e-15
1757.9348155311638 6.920245e-15
1759.3075919963358 6.3960855e-15
1760.6803684615072 -1.3531674e-15
1762.053144926679 -2.3865293e-15
1763.4259213918508 -9.804072e-16
1764.7986978570223 -2.3168217e-15
1766.171474322194 -3.435652e-15
1767.5442507873656 -5.390149e-15
1768.9170272525373 7.405657e-15
1770.289803717709 6.650113e-15
1771.6625801828807 -1.4591227e-14
1773.0353566480521 1.226971e-14
1774.408133113224 -2.7866768e-15
1775.7809095783957 3.9388014e-16
1777.1536860435672 4.42001e-15
1778.526462508739 -3.2890897e-15
1779.8992389739105 -1.9442803e-15
1781.2720154390822 -2.1824115e-15
1782.6447919042541 -8.33352e-15
1784.0175683694256 3.7618703e-15
1785.3903448345973 -8.307421e-15
1786.763121299769 -6.279074e-16
1788.1358977649406 8.745735e-15
1789.5086742301123 6.9449002e-15
1790.881450695284 1.1051777e-15
1792.2542271604557 2.356244e-15
1793.6270036256274 4.4105432e-16
1794.999780090799 5.2263643e-16
1796.3725565559705 5.394767e-15
1797.7453330211424 -1.7882615e-15
1799.118109486314 1.6292282e-15
1800.4908859514856 1.2562978e-14
1801.8636624166575 -8.769927e-15
1803.236438881829 2.7715146e-16
1804.6092153470006 2.9270303e-15
1805.9819918121725 -1.1000092e-15
1807.354768277344 8.1700495e-15
1808.7275447425156 4.6805215e-15
1810.1003212076873 -4.926099e-15
1811.473097672859 6.6225546e-16
1812.8458741380307 -6.0197137e-15
1814.2186506032024 1.7749318e-15
1815.5914270683738 1.0307682e-14
1816.9642035335457 1.4677065e-14
1818.3369799987174 7.427255e-15
1819.7097564638889 1.7748904e-15
1821.0825329290608 -6.078387e-15
1822.4553093942325 -2.6240985e-15
1823.828085859404 -2.6158256e-15
1825.2008623245758 -2.655724e-15
1826.5736387897473 2.4702683e-15
1827.946415254919 4.09594e-15
1829.3191917200909 -1.7091073e-15
1830.6919681852623 3.5508047e-15
1832.064744650434 -3.2311442e-15
1833.4375211156057 1.2582805e-16
1834.8102975807774 -2.1326286e-15
1836.183074045949 -2.7807962e-15
1837.5558505111208 3.7762626e-15
1838.9286269762922 -3.090237e-15
1840.3014034414641 -8.155081e-15
1841.6741799066358 -1.8600335e-15
1843.0469563718073 -5.73752e-15
1844.4197328369792 -5.9324667e-15
1845.7925093021508 1.1929641e-16
1847.1652857673223 -3.996435e-15
1848.5380622324942 -1.036295e-14
1849.9108386976657 -4.4259026e-15
1851.2836151628373 -1.06223946e-14
1852.656391628009 -3.0683953e-15
1854.0291680931807 -8.676105e-16
1855.4019445583524 -8.690213e-15
1856.774721023524 1.871025e-15
1858.1474974886955 6.6171553e-16
1859.5202739538674 -4.836636e-15
1860.8930504190391 6.3935034e-15
1862.2658268842106 -3.6128657e-15
1863.6386033493825 -4.776048e-15
1865.0113798145542 -2.9257016e-16
1866.3841562797256 -4.0436417e-15
1867.7569327448975 -8.5362334e-16
1869.1297092100692 -9.679622e-17
1870.5024856752407 -6.013062e-15
1871.8752621404124 -4.7790514e-15
1873.248038605584 1.367482e-15
1874.6208150707557 -1.66364e-15
1875.9935915359274 7.848423e-16
1877.366368001099 -3.7958566e-15
1878.7391444662708 -3.9197335e-15
1880.1119209314425 4.260193e-15
1881.484697396614 -4.3838758e-15
1882.8574738617858 -2.020186e-15
1884.2302503269575 6.445001e-16
1885.603026792129 -4.6804423e-15
1886.9758032573009 -2.528441e-15
1888.3485797224726 -1.0686834e-15
1889.721356187644 6.8035692e-18
1891.094132652816 3.812216e-15
1892.4669091179876 1.6053773e-15
1893.839685583159 2.0181072e-15
1895.2124620483307 8.736085e-16
1896.5852385135024 1.2187225e-15
1897.958014978674 -1.6197089e-15
1899.3307914438458 3.5446794e-15
1900.7035679090175 -3.216372e-15
1902.0763443741891 -2.0601724e-15
1903.4491208393608 6.5219636e-16
1904.8218973045323 -2.0846599e-15
1906.1946737697042 -1.8557717e-15
1907.5674502348759 -2.0093405e-15
1908.9402267000473 2.0936797e-15
1910.3130031652192 8.687902e-15
1911.685779630391 1.3014979e-15
1913.0585560955624 1.4057219e-15
1914.4313325607343 2.4603207e-15
1915.804109025906 4.2475547e-15
1917.1768854910774 -1.7257932e-15
1918.549661956249 -5.0588625e-16
1919.9224384214208 -4.4820105e-15
1921.2952148865925 -2.3254508e-15
1922.6679913517642 -1.5843599e-15
1924.0407678169356 -2.2952067e-15
1925.4135442821075 1.5052277e-15
1926.7863207472792 -1.3877779e-15
1928.1590972124507 -1.6096227e-15
1929.5318736776226 5.8297567e-16
1930.9046501427943 -2.163643e-15
1932.2774266079657 1.7677551e-15
1933.6502030731376 3.2200987e-15
1935.0229795383093 -4.865889e-15
1936.3957560034808 -3.4175077e-15
1937.7685324686524 7.746717e-16
1939.1413089338243 -2.1344119e-15
1940.5140853989958 -5.5877927e-16
1941.8868618641675 -6.1756315e-16
1943.2596383293392 -5.7500133e-15
1944.6324147945109 -3.7370768e-16
1946.0051912596825 2.994309e-15
1947.377967724854 3.8353337e-16
1948.750744190026 1.6682336e-15
1950.1235206551976 -7.839482e-16
1951.496297120369 1.6688723e-15
1952.869073585541 7.498694e-16
1954.2418500507126 -2.8186235e-15
1955.614626515884 9.576934e-16
1956.987402981056 -6.1052044e-16
1958.3601794462277 -4.0058805e-15
1959.7329559113991 -4.9193964e-16
1961.1057323765708 1.09839315e-16
1962.4785088417427 -1.4087666e-15
1963.8512853069142 1.4162244e-15
1965.2240617720859 1.4427364e-16
1966.5968382372575 1.9666525e-15
1967.9696147024292 1.4996172e-15
1969.342391167601 -2.1733432e-15
1970.7151676327724 1.6123437e-15
1972.0879440979443 3.8853808e-15
1973.460720563116 -5.3015104e-16
1974.8334970282874 -1.9484369e-15
1976.2062734934593 2.1040417e-15
1977.579049958631 1.6974374e-15
1978.9518264238025 1.5323655e-15
1980.3246028889741 1.6988573e-15
1981.697379354146 2.3140236e-16
1983.0701558193175 1.6060693e-15
1984.4429322844892 6.892548e-18
1985.815708749661 2.3879243e-16
1987.1884852148326 4.7277555e-15
1988.5612616800042 1.1399278e-15
1989.9340381451757 -2.6502513e-15
1991.3068146103476 2.0128306e-16
1992.6795910755193 4.985608e-16
1994.0523675406907 2.513966e-15
1995.4251440058626 2.834026e-15
1996.7979204710343 -6.0587536e-16
1998.1706969362058 5.315518e-16
1999.5434734013777 -8.2603357e-16
2000.2691137288539 1.560267e-15
2001.6416307180423 4.656843e-16
2003.0141474516179 -6.609055e-16
2004.3866639303692 -2.0669475e-16
2005.759180155084 2.8524502e-15
2007.131696126546 -1.4456399e-15
2008.5042118455367 -5.882084e-16
2009.8767273128333 -1.6776278e-15
2011.249242529211 -4.2534467e-15
2012.6217574954403 -7.3311533e-16
2013.9942722122933 -1.4690701e-15
2015.3667866805326 -4.347761e-15
2016.739300900923 -9.542591e-16
2018.1118148742244 -3.0063842e-15
2019.4843286011926 -4.6165286e-15
2020.8568420825832 3.644665e-15
2022.2293553191464 -1.2951765e-15
2023.601868311632 -1.6702437e-15
2024.9743810607836 1.2745204e-15
2026.3468935673457 -2.7699417e-15
2027.7194058320572 -6.181181e-16
2029.0919178556544 -7.6309463e-16
2030.4644296388728 -1.4986934e-15
2031.836941182443 -1.5557326e-15
2033.2094524870936 3.3756493e-15
2034.5819635535502 -3.7678706e-15
2035.9544743825356 1.1894454e-15
2037.326984974771 3.1994245e-15
2038.699495330973 -8.3563956e-16
2040.072005451856 8.807493e-16
2041.4445153381328 -1.1387524e-15
2042.8170249905124 1.0042393e-15
2044.189534409701 1.7676683e-15
2045.5620435964036 8.5306377e-16
2046.9345525513206 -6.823018e-16
2048.30706127515 -8.1645193e-16
2049.6795697685893 -3.1335965e-15
2051.05207803233 3.635199e-16
2052.424586067065 -6.797997e-16
2053.79709387348 -4.0667272e-16
2055.169601452262 1.9792341e-15
2056.5421088040935 2.7144672e-16
2057.9146159296542 2.7722732e-15
2059.287122829622 2.9940184e-15
2060.659629504673 -1.4024257e-16
2062.0321359554787 -5.959856e-17
2063.4046421827097 1.2042321e-15
2064.777148187034 9.242303e-16
2066.1496539691157 1.6098643e-15
2067.5221595296184 3.7597723e-16
2068.8946648692013 -4.191248e-16
2070.2671699885213 5.738491e-16
2071.6396748882366 9.580624e-16
2073.0121795689965 1.7267068e-16
2074.3846840314523 -8.652381e-16
2075.7571882762527 -6.428895e-16
2077.1296923040427 -5.8509537e-16
2078.5021961154644 5.5205743e-16
2079.8746997111593 4.4174865e-16
2081.2472030917647 9.277487e-16
2082.6197062579176 1.6565627e-15
2083.9922092102506 1.738032e-16
2085.364711949395 5.1119153e-16
2086.7372144759797 9.112446e-16
2088.109716790632 -1.5995281e-15
2089.482218893973 1.2404407e-15
2090.8547207866277 -1.011376e-15
2092.2272224692147 -1.3647321e-15
2093.5997239423486 1.169439e-15
2094.9722252066485 1.8832946e-16
2096.3447262627237 2.4199263e-16
2097.7172271111867 1.8251758e-15
2099.089727752644 -2.7526893e-16
2100.4622281877023 2.678925e-15
2101.834728416965 6.991874e-16
2103.2072284410337 -1.0729829e-15
2104.5797282605067 -1.104595e-15
2105.9522278759828 -4.8925354e-16
2107.324727288055 -7.935039e-16
2108.697226497315 2.2430855e-15
2110.069725504357 -6.306324e-16
2111.4422243097656 6.7775304e-16
2112.8147229141273 8.279019e-16
2114.1872213180286 2.4154193e-16
2115.5597195220485 7.2990163e-16
2116.932217526768 5.754901e-16
2118.3047153327648 1.1172026e-15
2119.677212940613 9.278144e-16
2121.049710350888 3.597918e-17
2122.422207564159 2.4208841e-15
2123.794704580996 2.6800133e-15
2125.167201401967 2.3202498e-16
2126.5396980276355 8.2989476e-17
2127.912194458565 1.6601059e-15
2129.2846906953164 -4.201753e-16
2130.6571867384496 1.3777757e-16
2132.02968258852 1.991643e-15
2133.4021782460823 5.310946e-17
2134.774673711691 5.847137e-16
2136.147168985895 1.2490655e-15
2137.519664069244 9.892113e-16
2138.892158962286 2.012932e-15
2140.2646536655634 1.1385227e-15
2141.637148179621 2.1695051e-16
2143.0096425049987 6.5379214e-18
2144.382136642236 9.721564e-16
2145.75463059187 8.6107003e-16
2147.1271243544347 8.142758e-16
2148.4996179304653 -1.7784863e-15
2149.872111320492 5.553829e-16
2151.244604525043 9.871032e-16
2152.617097544648 3.0738556e-16
2153.9895903798306 3.1157777e-15
2155.3620830311147 1.5831739e-15
2156.7345754990233 7.5513167e-16
2158.1070677840758 -1.0314755e-15
2159.4795598867886 1.3889156e-15
2160.852051807681 1.3860643e-15
2162.2245435472646 3.5019355e-15
2163.5970351060528 1.0467983e-15
2164.969526484558 6.187741e-16
2166.342017683286 2.4007186e-15
2167.714508702746 1.60609e-15
2169.0869995434427 9.792804e-16
2170.4594902058793 -6.3284807e-16
2171.8319806905574 2.281503e-16
2173.2044709979773 1.436898e-15
2174.576961128637 2.1038261e-15
2175.9494510830323 5.7808935e-16
2177.3219408616587 -1.4352607e-16
2178.6944304650083 3.9235016e-16
2180.066919893572 -7.261898e-16
2181.4394091478403 1.3820699e-15
2182.811898228299 1.4107334e-15
2184.184387135435 8.09823e-16
2185.5568758697327 7.992102e-16
2186.9293644316735 6.534091e-16
2188.3018528217394 8.3681503e-16
2189.674341040409 1.745293e-15
2191.04682908816 -1.6555176e-16
2192.4193169654673 2.1522207e-15
2193.791804672804 -1.1215455e-15
2195.164292210646 8.990645e-16
2196.5367795794605 2.3654896e-15
2197.9092667797167 2.2737009e-16
2199.2817538118848 1.2226064e-15
2200.654240676428 4.525197e-16
2202.0267273738104 1.1271515e-15
2203.399213904496 4.3918915e-16
2204.7717002689446 1.3263658e-16
2206.1441864676153 -7.2246426e-16
2207.5166725009676 1.1099309e-15
2208.8891583694544 1.1278713e-15
2210.2616440735324 1.1498562e-15
2211.6341296136547 2.1072797e-15
2213.0066149902714 2.3951312e-16
2214.3791002038324 -5.449003e-16
2215.751585254787 1.7493229e-15
2217.12407014358 1.448747e-15
2218.4965548706577 1.3591879e-15
2219.869039436464 4.2735427e-16
2221.2415238414387 6.689572e-16
2222.614008086025 1.4864805e-15
2223.9864921706608 1.6912839e-15
2225.3589760957816 6.0517857e-16
2226.731459861826 1.2845449e-15
2228.1039434692275 1.5717702e-16
2229.476426918418 -3.1713432e-16
2230.8489102098297 5.7873897e-16
2232.2213933438925 1.4146705e-15
2233.5938763210343 -3.0877654e-16
2234.966359141683 7.20767e-16
2236.338841806263 1.1520018e-15
2237.7113243151994 1.5957596e-15
2239.0838066689134 2.0219382e-15
2240.4562888678265 2.2919073e-15
2241.8287709123592 7.0700787e-16
2243.201252802929 4.392314e-17
2244.573734539952 5.8872993e-16
2245.946216123845 2.1838585e-15
2247.318697555021 1.932002e-15
2248.691178833892 2.6287992e-15
2250.0636599608706 4.8263908e-15
2251.436140936365 3.601657e-15
2252.8086217607843 2.7969388e-15
2254.1811024345357 3.89816e-15
2255.553582958023 2.1963408e-15
2256.9260633316517 1.5448511e-15
2258.2985435558253 2.8656245e-15
2259.671023630943 3.9381446e-15
2261.043503557406 4.8138327e-15
2262.415983335614 1.9626086e-15
2263.788462965961 2.386371e-15
2265.1609424488465 1.8736424e-15
2266.533421784664 2.5629813e-15
2267.9059009738044 3.5680844e-15
2269.2783800166635 2.1675054e-15
2270.6508589136297 1.475172e-15
2272.0233376650913 8.8465566e-16
2273.395816271439 6.770088e-16
2274.7682947330572 8.030155e-16
2276.140773050332 1.7374326e-15
2277.5132512236473 9.042371e-16
2278.885729253386 2.745874e-15
2280.2582071399297 5.0035384e-15
2281.6306848836584 2.6611882e-15
2283.0031624849503 2.0711578e-15
2284.3756399441845 1.4336581e-15
2285.7481172617363 1.4686183e-15
2287.1205944379803 1.4102306e-15
2288.493071473292 1.7493942e-15
2289.8655483680423 1.5290593e-15
2291.2380251226027 2.1660752e-15
2292.6105017373443 2.0695105e-15
2293.982978212635 1.7111296e-15
2295.3554545488428 1.3781994e-15
2296.7279307463346 1.953601e-15
2298.1004068054735 1.5112452e-15
2299.4728827266263 1.4666788e-15
2300.845358510154 1.1239734e-15
2302.2178341564177 1.0212909e-15
2303.590309665779 1.7401518e-15
2304.9627850385964 1.289973e-15
2306.335260275227 5.75871e-16
2307.7077353760287 2.0460663e-15
2309.0802103413566 1.5757181e-15
2310.4526851715646 1.4823306e-15
2311.8251598670067 1.0231658e-15
2313.1976344280347 1.4195948e-15
2314.5701088549986 2.661077e-15
2315.9425831482486 2.721345e-15
2317.3150573081343 1.2405306e-15
2318.6875313350006 1.961514e-15
2320.060005229196 1.7217114e-15
2321.4324789910647 1.5816175e-15
2322.80495262095 1.6280059e-15
2324.177426119196 2.5555958e-15
2325.5498994861437 4.8115973e-15
2326.922372722133 6.3831564e-15
2328.2948458275037 5.3673297e-15
2329.6673188025943 5.282677e-15
2331.0397916477427 7.0372886e-15
2332.4122643632836 1.07919265e-14
2333.784736949553 1.690835e-14
2335.1572094068847 1.3925396e-14
2336.5296817356098 4.3086474e-15
2337.902153936062 6.6934415e-15
2339.274626008572 3.7970496e-15
2340.6470979534674 2.9907348e-15
2342.0195697710787 7.071835e-15
2343.3920414617323 1.4161638e-14
2344.7645130257533 1.28858224e-14
2346.1369844634687 5.7987782e-15
2347.509455775203 8.8950945e-15
2348.8819269612777 1.2004698e-14
2350.2543980220157 8.628305e-15
2351.6268689577378 4.110884e-15
2352.9993397687635 2.1593347e-15
2354.371810455413 3.559537e-15
2355.7442810180037 4.0305826e-15
2357.1167514568506 4.5630664e-15
2358.4892217722722 8.765764e-15
2359.861691964583 1.3688061e-14
2361.2341620340944 8.512479e-15
2362.6066319811216 5.5888894e-15
2363.979101805975 8.715583e-15
2365.351571508966 8.072791e-15
2366.724041090405 6.355326e-15
2368.0965105505984 5.323945e-15
2369.468979889856 4.495676e-15
2370.841449108485 4.2671415e-15
2372.213918206789 5.13432e-15
2373.586387185074 9.073931e-15
2374.958856043644 6.4994676e-15
2376.3313247828005 3.26229e-15
2377.7037934028476 4.5436207e-15
2379.0762619040843 1.0482197e-14
2380.4487302868106 1.683039e-14
2381.821198551327 3.351062e-14
2383.19366669793 2.0689839e-14
2384.5661347269165 9.132687e-15
2385.938602638584 5.009291e-15
2387.3110704332257 6.1754263e-15
2388.6835381111373 1.0924862e-14
2390.0560056726117 6.6794647e-15
2391.4284731179405 7.597712e-15
2392.800940447416 5.756102e-15
2394.1734076613284 8.094799e-15
2395.545874759966 1.5745399e-14
2396.918341743619 7.867268e-15
2398.290808612575 6.3355777e-15
2399.6632753671192 7.3678585e-15
2401.035742007539 5.834626e-15
2402.408208534119 6.4331902e-15
2403.7806749471424 1.0661393e-14
2405.1531412468926 1.3770278e-14
2406.5256074336526 8.988923e-15
2407.8980735077034 5.934047e-15
2409.2705394693257 6.627629e-15
2410.6430053187973 1.0110171e-14
2412.0154710563993 6.6426026e-15
2413.3879366824085 6.7927477e-15
2414.760402197102 5.570757e-15
2416.1328676007543 5.3623767e-15
2417.5053328936424 3.995622e-15
2418.8777980760397 3.4404293e-15
2420.2502631482193 3.2798371e-15
2421.6227281104552 2.8732906e-15
2422.9951929630183 3.607853e-15
2424.367657706179 4.0503413e-15
2425.740122340207 3.6171183e-15
2427.112586865373 3.812093e-15
2428.4850512819453 3.675018e-15
2429.857515590189 4.4040644e-15
2431.2299797903725 3.778652e-15
2432.602443882762 4.415694e-15
2433.9749078676205 5.258047e-15
2435.3473717452134 6.295857e-15
2436.7198355158057 4.0827996e-15
2438.092299179656 3.3383299e-15
2439.464762737029 3.7898473e-15
2440.8372261881846 4.5302985e-15
2442.209689533383 5.0707246e-15
2443.5821527728826 7.463946e-15
2444.954615906943 9.870193e-15
2446.3270789358207 6.784002e-15
2447.6995418597735 4.9784213e-15
2449.072004679057 6.001859e-15
2450.444467393925 7.3144785e-15
2451.816930004634 6.5910497e-15
2453.189392511437 5.436676e-15
2454.5618549145865 3.8816094e-15
2455.934317214335 5.2959367e-15
2457.3067794109324 3.8549164e-15
2458.679241504631 5.648776e-15
2460.0517034956792 4.6876125e-15
2461.424165384327 5.073639e-15
2462.796627170822 4.754243e-15
2464.16908885541 5.1748813e-15
2465.541550438341 4.3013544e-15
2466.9140119198587 5.7337316e-15
2468.2864733002075 5.6394526e-15
2469.658934579635 6.262437e-15
2471.031395758381 5.4154645e-15
2472.4038568366896 6.588258e-15
2473.7763178148048 6.8081412e-15
2475.1487786929665 7.122743e-15
2476.521239471414 9.746829e-15
2477.893700150389 9.891879e-15
2479.266160730131 8.741322e-15
2480.638621210876 6.257435e-15
2482.0110815928642 7.184359e-15
2483.383541876331 8.624697e-15
2484.756002061513 1.0022355e-14
2486.1284621486466 6.137257e-15
2487.5009221379664 4.830696e-15
2488.8733820297043 7.030295e-15
2490.245841824096 7.365559e-15
2491.618301521374 6.883539e-15
2492.990761121769 1.3699184e-14
2494.3632206255133 7.113804e-15
2495.7356800328366 5.6319466e-15
2497.1081393439695 6.253013e-15
2498.4805985591406 5.5360794e-15
2499.853057678578 6.249948e-15
2501.2255167025105 6.181133e-15
2502.597975631164 7.0464743e-15
2503.9704344647657 7.769159e-15
2505.342893203541 8.711851e-15
2506.715351847714 9.3387585e-15
2508.0878103975106 6.771954e-15
2509.460268853153 9.043071e-15
2510.8327272148654 1.0301493e-14
2512.2051854828687 8.850049e-15
2513.5776436573856 8.948355e-15
2514.9501017386365 8.752203e-15
2516.322559726842 9.26641e-15
2517.6950176222213 7.0614367e-15
2519.067475424992 9.0462644e-15
2520.4399331353748 6.845371e-15
2521.812390753588 7.379017e-15
2523.1848482798446 7.8286715e-15
2524.5573057143642 8.9740625e-15
2525.9297630573615 1.03515575e-14
2527.3022203090513 9.59542e-15
2528.6746774696476 9.338362e-15
2530.0471345393657 9.207143e-15
2531.419591518417 9.391974e-15
2532.7920484070146 8.691943e-15
2534.1645052053705 9.365758e-15
2535.5369619136945 8.806116e-15
2536.909418532199 1.0331366e-14
2538.2818750610936 1.5241424e-14
2539.654331500587 1.0828133e-14
2541.0267878508876 9.816889e-15
2542.399244112204 1.028546e-14
2543.771700284743 9.1468394e-15
2545.144156368712 1.0245914e-14
2546.516612364318 9.902921e-15
2547.889068271765 1.1034095e-14
2549.261524091258 1.1881757e-14
2550.633979823002 1.0254076e-14
2552.0064354672013 9.581345e-15
2553.378891024057 9.679397e-15
2554.7513464937742 9.8897195e-15
2556.1238018765534 9.420405e-15
2557.4962571725955 1.0742991e-14
2558.8687123821023 8.946347e-15
2560.2411675052736 9.294014e-15
2561.613622542309 9.947573e-15
2562.9860774934064 1.08498e-14
2564.3585323587663 8.5848195e-15
2565.730987138584 7.881561e-15
2567.103441833058 8.5424255e-15
2568.475896442386 7.602759e-15
2569.848350966762 9.145703e-15
2571.2208054063826 8.368061e-15
2572.593259761443 7.998313e-15
2573.9657140321356 8.5770175e-15
2575.338168218657 1.1332368e-14
2576.710622321199 1.1662069e-14
2578.083076339952 9.800702e-15
2579.455530275112 8.552566e-15
2580.8279841268686 9.459467e-15
2582.2004378954116 1.0730842e-14
2583.5728915809327 1.2357083e-14
2584.945345183622 2.2409676e-14
2586.317798703668 2.3126468e-14
2587.690252141259 9.1985e-15
2589.062705496585 9.12923e-15
2590.4351587698307 9.764708e-15
2591.8076119611856 1.0663109e-14
2593.1800650708356 1.0850165e-14
2594.552518098966 1.0822777e-14
2595.9249710457625 1.3948512e-14
2597.297423911411 2.2108897e-14
2598.669876696094 4.6616753e-14
2600.042329399996 3.2935663e-14
2601.4147820233015 1.39510324e-14
2602.7872345661913 1.1642414e-14
2604.159687028848 1.2725522e-14
2605.5321394114553 1.724702e-14
2606.9045917141925 2.4904588e-14
2608.2770439372393 1.469037e-14
2609.6494960807777 1.6628576e-14
2611.0219481449867 2.8536574e-14
2612.3944001300447 2.7907527e-14
2613.766852036131 2.3183612e-14
2615.1393038634237 1.5327835e-14
2616.511755612099 2.3145441e-14
2617.884207282336 2.8007119e-14
2619.2566588743102 2.5442205e-14
2620.629110388196 3.151222e-14
2622.0015618241714 2.3227602e-14
2623.3740131824106 2.0003278e-14
2624.746464463087 3.5737174e-14
2626.1189156663745 3.994562e-14
2627.4913667924484 3.1683667e-14
2628.8638178414803 2.9408747e-14
2630.236268813643 4.4736848e-14
2631.6087197091083 4.3356537e-14
2632.981170528047 2.6658338e-14
2634.3536212706313 1.6086777e-14
2635.726071937032 1.6070161e-14
2637.098522527418 1.8056303e-14
2638.4709730419586 1.8512263e-14
2639.843423480824 1.7706068e-14
2641.215873844182 1.6356335e-14
2642.5883241321994 1.5978817e-14
2643.9607743450474 1.40934695e-14
2645.3332244828903 1.2570178e-14
2646.7056745458945 1.4167581e-14
2648.0781245342273 1.4610209e-14
2649.4505744480543 1.6538779e-14
2650.82302428754 1.4819297e-14
2652.1954740528504 1.549559e-14
2653.567923744149 1.6900704e-14
2654.940373361598 1.7020033e-14
2656.312822905364 1.6804509e-14
2657.6852723756074 1.7324146e-14
2659.057721772492 1.7234066e-14
2660.4301710961786 1.6088977e-14
2661.8026203468303 1.8367559e-14
2663.1750695246055 1.8429252e-14
2664.547518629668 1.8135917e-14
2665.919967662176 1.8209455e-14
2667.292416622289 2.2512315e-14
2668.6648655101667 3.4942552e-14
2670.0373143259685 2.5053554e-14
2671.409763069852 1.7050421e-14
2672.7822117419755 1.709482e-14
2674.1546603424954 1.7252938e-14
2675.52710887157 1.7168048e-14
2676.8995573293555 1.8573982e-14
2678.272005716008 1.7166549e-14
2679.6444540316825 1.7083796e-14
2681.016902276535 1.8175037e-14
2682.3893504507196 1.7760384e-14
2683.7617985543925 1.8261168e-14
2685.1342465877046 1.8336396e-14
2686.5066945508124 1.8295473e-14
2687.879142443867 1.8168479e-14
2689.2515902670216 1.6943098e-14
2690.6240380204295 1.7166351e-14
2691.9964857042405 1.9545778e-14
2693.368933318607 1.7838219e-14
2694.7413808636807 1.5115738e-14
2696.1138283396112 1.6352366e-14
2697.486275746548 1.6614975e-14
2698.858723084642 1.9006294e-14
2700.2311703540427 1.850698e-14
2701.6036175548966 1.9505712e-14
2702.9760646873547 1.9997569e-14
2704.3485117515643 2.0270196e-14
2705.720958747673 2.0353072e-14
2707.093405675827 2.1189818e-14
2708.4658525361747 2.344338e-14
2709.838299328861 2.2513992e-14
2711.2107460540333 2.1077302e-14
2712.5831927118365 2.1841844e-14
2713.9556393024154 2.4185303e-14
2715.328085825916 2.3263397e-14
2716.7005322824803 1.9704771e-14
2718.072978672255 1.7230165e-14
2719.445424995381 1.4436155e-14
2720.8178712520044 1.4872721e-14
2722.190317442266 1.7711193e-14
2723.5627635663086 1.9818259e-14
2724.935209624274 2.2554604e-14
2726.3076556163046 2.3404647e-14
2727.6801015425403 2.504785e-14
2729.0525474031238 2.4075775e-14
2730.4249931981944 2.771199e-14
2731.797438927891 3.2311247e-14
2733.169884592356 3.0192022e-14
2734.5423301917267 2.1570748e-14
2735.914775726141 2.249619e-14
2737.2872211957415 2.4479454e-14
2738.6596666006617 2.8523665e-14
2740.032111941042 2.8667783e-14
2741.404557217019 2.5945117e-14
2742.7770024287297 2.3255535e-14
2744.149447576311 2.637224e-14
2745.5218926598995 3.078996e-14
2746.89433767963 3.6668127e-14
2748.2667826356387 3.426132e-14
2749.6392275280623 3.377261e-14
2751.0116723570322 2.7904682e-14
2752.3841171226845 2.6396288e-14
2753.7565618251538 2.7438248e-14
2755.1290064645736 3.2562023e-14
2756.501451041076 3.0539427e-14
2757.873895554796 2.7767171e-14
2759.246340005864 3.2313633e-14
2760.618784394414 2.9629843e-14
2761.991228720576 2.8593037e-14
2763.3636729844843 2.7894697e-14
2764.736117186268 2.9690968e-14
2766.1085613260584 3.0192855e-14
2767.4810054039854 3.183076e-14
2768.8534494201804 3.3872597e-14
2770.2258933747707 3.119035e-14
2771.598337267889 3.061081e-14
2772.9707810996615 3.2819433e-14
2774.3432248702184 3.5422003e-14
2775.7156685796867 3.6649893e-14
2777.088112228197 3.1665304e-14
2778.460555815874 3.0341984e-14
2779.832999342848 2.983687e-14
2781.2054428092424 2.7977419e-14
2782.5778862151865 2.8979413e-14
2783.9503295608056 3.159189e-14
2785.3227728462266 3.2872844e-14
2786.6952160715728 3.0975205e-14
2788.0676592369728 3.0666177e-14
2789.440102342549 3.520282e-14
2790.812545388426 4.3243414e-14
2792.184988374729 8.2236755e-14
2793.5574313015823 2.069506e-13
2794.929874169108 4.1912518e-13
2796.302316977432 4.962424e-13
2797.6747597266735 9.5343336e-14
2799.0472024169585 5.749639e-14
2800.419645048407 1.08813884e-13
2801.792087621142 3.3796474e-13
2803.164530135285 5.0689504e-13
2804.5369725909572 1.2468707e-13
2805.90941498828 4.3975823e-14
2807.281857327374 3.5137824e-14
2808.6542996083576 3.456988e-14
2810.0267418313547 3.3559655e-14
2811.3991839964815 2.989156e-14
2812.7716261038577 2.9009157e-14
2814.1440681536055 3.2859013e-14
2815.5165101458397 3.4694364e-14
2816.8889520806806 3.3786382e-14
2818.2613939582466 3.2055972e-14
2819.633835778655 3.0848452e-14
2821.006277542023 3.2421216e-14
2822.3787192484688 3.8162538e-14
2823.751160898108 4.313597e-14
2825.123602491057 3.6952842e-14
2826.496044027434 3.376211e-14
2827.868485507354 3.4706104e-14
2829.2409269309305 3.3871963e-14
2830.6133682982827 3.5000123e-14
2831.9858096095227 3.2991347e-14
2833.3582508647655 3.470891e-14
2834.730692064127 3.324241e-14
2836.1031332077196 3.4050846e-14
2837.475574295659 3.335535e-14
2838.848015328058 3.3313884e-14
2840.2204563050277 3.3090762e-14
2841.5928972266834 3.340082e-14
2842.9653380931386 3.6825364e-14
2844.337778904503 3.8087677e-14
2845.7102196608894 2.7577794e-14
2847.08266036241 2.2917476e-14
2848.4551010091777 2.1849128e-14
2849.8275416013007 2.0339086e-14
2851.1999821388913 2.4874486e-14
2852.572422622061 3.0456825e-14
2853.9448630509187 1.8224917e-14
2855.3173034255747 2.2344846e-14
2856.6897437461394 2.548103e-14
2858.0621840127214 2.6990552e-14
2859.4346242254296 3.0721356e-14
2860.8070643843744 3.2392302e-14
2862.1795044896626 3.3473353e-14
2863.5519445414025 3.3686687e-14
2864.9243845397045 3.607171e-14
2866.2968244846734 3.8202243e-14
2867.669264376418 4.1828787e-14
2869.0417042150466 4.3250753e-14
2870.414144000664 4.1903696e-14
2871.786583733377 4.219732e-14
2873.1590234132937 3.954598e-14
2874.5314630405187 4.0713574e-14
2875.9039026151577 4.072843e-14
2877.276342137317 4.428341e-14
2878.6487816071017 4.6824676e-14
2880.021221024615 5.3250817e-14
2881.393660389964 5.2290105e-14
2882.766099703253 4.8601565e-14
2884.138538964584 5.1083293e-14
2885.5109781740634 5.2930313e-14
2886.8834173317928 5.4705725e-14
2888.2558564378774 5.702431e-14
2889.628295492419 5.559626e-14
2891.0007344955197 5.6263178e-14
2892.3731734472835 5.4793006e-14
2893.7456123478123 5.558011e-14
2895.118051197208 6.0405084e-14
2896.4904899955727 6.0998956e-14
2897.8629287430067 6.056251e-14
2899.235367439613 5.4492635e-14
2900.607806085491 5.5090013e-14
2901.980244680742 5.963969e-14
2903.352683225467 5.8710374e-14
2904.7251217197663 6.2569856e-14
2906.0975601637374 6.564986e-14
2907.469998557484 6.64294e-14
2908.8424369011022 6.2756176e-14
2910.2148751946925 6.5103095e-14
2911.587313438354 6.29915e-14
2912.9597516321846 6.736783e-14
2914.332189776283 7.06002e-14
2915.7046278707485 7.5448606e-14
2917.077065915678 7.7266345e-14
2918.449503911168 7.027122e-14
2919.8219418573185 7.311907e-14
2921.1943797542244 7.856335e-14
2922.5668176019835 7.354426e-14
2923.939255400693 7.152711e-14
2925.3116931504487 7.1851806e-14
2926.6841308513467 7.669433e-14
2928.0565685034835 6.812964e-14
2929.429006106954 6.4336096e-14
2930.8014436618546 7.468619e-14
2932.17388116828 8.0358687e-14
2933.5463186263246 7.7220856e-14
2934.9187560360847 7.332731e-14
2936.2911933976534 6.1438776e-14
2937.663630711125 6.227633e-14
2939.0360679765945 7.6045236e-14
2940.4085051941543 7.394919e-14
2941.780942363899 6.459702e-14
2943.1533794859224 6.962031e-14
2944.5258165603154 7.0112956e-14
2945.8982535871737 6.603106e-14
2947.2706905665873 5.942793e-14
2948.64312749865 5.956285e-14
2950.0155643834537 7.462423e-14
2951.3880012210907 7.6493967e-14
2952.760438011651 7.414632e-14
2954.132874755228 6.796697e-14
2955.505311451912 6.366175e-14
2956.8777481017937 5.96822e-14
2958.250184704965 7.0965396e-14
2959.622621261515 7.5089105e-14
2960.9950577715344 7.794723e-14
2962.3674942351145 7.781401e-14
2963.7399306523434 7.3264054e-14
2965.112367023311 6.1434026e-14
2966.484803348109 5.3838573e-14
2967.8572396268237 5.321742e-14
2969.229675859545 5.928528e-14
2970.6021120463624 6.4546946e-14
2971.9745481873633 6.221031e-14
2973.3469842826357 5.538977e-14
2974.7194203322692 6.999966e-14
2976.091856336351 8.465914e-14
2977.464292294968 9.185737e-14
2978.8367282082095 9.247605e-14
2980.20916407616 8.2392e-14
2981.5815998989087 6.511346e-14
2982.9540356765406 5.82015e-14
2984.326471409144 6.1029476e-14
2985.698907096803 7.319352e-14
2987.0713427396067 7.8011545e-14
2988.4437783376384 8.867885e-14
2989.8162138909856 9.3428005e-14
2991.188649399732 9.053652e-14
2992.5610848639644 7.972429e-14
2993.933520283768 7.26362e-14
2995.3059556592248 7.623298e-14
2996.678390990424 8.002937e-14
2998.050826277446 7.684152e-14
2999.4232615203764 6.7127713e-14
3000.7956967193004 6.147528e-14
3002.1681318743003 6.4845576e-14
3003.5405669854604 7.0635555e-14
3004.913002052864 7.648934e-14
3006.2854370765936 7.4941545e-14
3007.6578720567327 7.1641166e-14
3009.0303069933643 7.547876e-14
3010.4027418865703 8.37211e-14
3011.775176736434 8.3157283e-14
3013.147611543038 8.5398024e-14
3014.5200463064607 8.3422046e-14
3015.892481026789 8.039127e-14
3017.264915704101 7.33843e-14
3018.637350338478 6.840095e-14
3020.0097849300037 6.391485e-14
3021.3822194787567 5.958074e-14
3022.754653984819 6.532842e-14
3024.1270884482715 6.802048e-14
3025.4995228691923 6.669168e-14
3026.871957247664 8.0155426e-14
3028.2443915837653 9.168094e-14
3029.616825877576 9.546017e-14
3030.9892601291767 9.6461054e-14
3032.3616943386455 1.0131059e-13
3033.7341285060625 1.0135725e-13
3035.1065626315067 1.0183802e-13
3036.4789967150564 9.665602e-14
3037.8514307567903 8.5987254e-14
3039.2238647567874 9.2066945e-14
3040.596298715125 9.27108e-14
3041.9687326318817 9.296947e-14
3043.3411665071358 9.6024466e-14
3044.713600340964 9.705868e-14
3046.086034133444 9.6818156e-14
3047.4584678846545 8.921452e-14
3048.83090159467 9.3150314e-14
3050.2033352635694 9.906808e-14
3051.57576889143 1.0414767e-13
3052.948202478327 1.0911034e-13
3054.3206360243357 1.0384344e-13
3055.693069529534 1.0573249e-13
3057.065502993999 9.475264e-14
3058.437936417803 7.728986e-14
3059.810369801025 8.769771e-14
3060.6435619408826 8.389272e-14
3063.3873946218973 1.0911578e-13
3066.1312271417846 1.0278418e-13
3068.8750595011415 1.08559226e-13
3071.6188917005607 1.1872748e-13
3074.3627237406367 1.1402378e-13
3077.1065556219546 1.3055612e-13
3079.8503873451027 1.3081864e-13
3082.5942189106604 1.1727782e-13
3085.3380503192107 1.1299404e-13
3088.0818815713305 1.2538228e-13
3090.825712667592 1.2446573e-13
3093.56954360857 8.522761e-14
3096.31337439483 9.603689e-14
3099.0572050269416 1.1368844e-13
3101.801035505466 1.1257423e-13
3104.5448658309656 1.3725666e-13
3107.2886960039973 1.5554263e-13
3110.0325260251184 1.798789e-13
3112.7763558948805 1.8495363e-13
3115.520185613835 1.8176484e-13
3118.264015182528 1.6846178e-13
3121.0078446015073 1.5979876e-13
3123.7516738713134 1.4995287e-13
3126.495502992488 1.6271348e-13
3129.239331965566 1.5138228e-13
3131.983160791085 1.754954e-13
3134.7269894695773 1.6211463e-13
3137.470818001571 1.7344184e-13
3140.2146463875947 1.9434302e-13
3142.958474628175 1.9752152e-13
3145.702302723832 1.929976e-13
3148.446130675087 1.9217015e-13
3151.189958482458 2.0120675e-13
3153.933786146459 1.9876475e-13
3156.677613667606 2.1010274e-13
3159.421441046405 2.0654381e-13
3162.1652682833687 1.9686148e-13
3164.909095378999 2.1619884e-13
3167.652922333803 2.1414111e-13
3170.396749148278 2.2718326e-13
3173.1405758229257 2.6681432e-13
3175.884402358242 2.6787364e-13
3178.6282287547206 2.6936016e-13
3181.372055012855 2.5615054e-13
3184.1158811331325 2.3185707e-13
3186.859707116041 2.0307797e-13
3189.6035329620663 2.1360172e-13
3192.347358671692 2.2267722e-13
3195.0911842453984 2.1375066e-13
3197.8350096836634 2.3786962e-13
3200.5788349869626 2.4574074e-13
3203.322660155773 2.5618524e-13
3206.066485190563 2.8619349e-13
3208.8103100918065 2.7834942e-13
3211.554134859967 2.5135682e-13
3214.297959495513 2.3368671e-13
3217.041783998907 2.3153024e-13
3219.7856083706097 2.6169719e-13
3222.529432611081 2.5393763e-13
3225.273256720779 2.3486334e-13
3228.017080700157 2.1701006e-13
3230.760904549668 2.4141905e-13
3233.504728269764 2.3462227e-13
3236.248551860894 2.431988e-13
3238.9923753235053 2.5142e-13
3241.7361986580418 2.4433187e-13
3244.480021864946 2.4526846e-13
3247.223844944659 2.4164497e-13
3249.9676678976216 2.326187e-13
3252.7114907242676 2.726841e-13
3255.455313425035 2.9664864e-13
3258.1991360003544 3.4096478e-13
3260.942958450657 3.468932e-13
3263.6867807763747 3.6296595e-13
3266.430602977932 3.294796e-13
3269.174425055756 3.604058e-13
3271.9182470102664 3.5458564e-13
3274.6620688418902 3.562793e-13
3277.4058905510433 3.854938e-13
3280.149712138145 4.1736457e-13
3282.89353360361 4.1654503e-13
3285.637354947854 4.3140646e-13
3288.3811761712886 4.0707701e-13
3291.1249972743226 4.4343023e-13
3293.8688182573665 4.6189295e-13
3296.6126391208268 4.9533755e-13
3299.356459865108 4.993807e-13
3302.1002804906143 5.1080966e-13
3304.844100997745 4.676756e-13
3307.587921386901 4.542476e-13
3310.331741658482 4.783515e-13
3313.075561812881 5.026763e-13
3315.819381850495 4.9988903e-13
3318.5632017717144 5.016875e-13
3321.307021576932 5.326294e-13
3324.0508412665363 5.249788e-13
3326.794660840914 5.4940183e-13
3329.5384803004526 5.797277e-13
3332.2822996455343 5.644048e-13
3335.026118876543 5.1892323e-13
3337.7699379938604 5.323583e-13
3340.5137569978633 5.587637e-13
3343.2575758889307 5.717014e-13
3346.0013946674376 5.8867185e-13
3348.7452133337592 6.1538703e-13
3351.4890318882676 5.643212e-13
3354.2328503313324 6.0429434e-13
3356.976668663326 5.9169314e-13
3359.720486884614 5.367315e-13
3362.4643049955625 4.0110618e-13
3365.2081229965365 5.381486e-13
3367.9519408879005 5.884315e-13
3370.6957586700137 4.657716e-13
3373.439576343237 4.051554e-13
3376.1833939079283 5.414351e-13
3378.9272113644456 5.6958946e-13
3381.6710287131436 5.6099206e-13
3384.414845954375 5.967165e-13
3387.158663088493 6.261203e-13
3389.9024801158494 6.56552e-13
3392.6462970367916 6.02107e-13
3395.390113851667 5.768734e-13
3398.1339305608244 7.2357604e-13
3400.8777471646063 8.209458e-13
3403.621563663357 8.239975e-13
3406.3653800574175 7.6310545e-13
3409.1091963471295 7.2325923e-13
3411.853012532832 7.1352256e-13
3414.59682861486 5.873748e-13
3417.340644593553 5.2533536e-13
3420.084460469242 7.1832384e-13
3422.828276242264 8.509017e-13
3425.572091912949 7.616251e-13
3428.3159074816263 7.8886127e-13
3431.0597229486266 8.073932e-13
3433.8035383142774 7.477363e-13
3436.5473535789038 6.319378e-13
3439.291168742832 5.333441e-13
3442.0349838063853 3.7177176e-13
3444.7787987698853 3.4624286e-13
3447.5226136336523 4.4385153e-13
3450.266428398007 6.3514114e-13
3453.010243063268 7.294054e-13
3455.7540576297497 7.0902697e-13
3458.4978720977697 7.3991345e-13
3461.241686467641 6.3122316e-13
3463.985500739677 5.933386e-13
3466.7293149141897 5.9294973e-13
3469.473128991487 6.4182774e-13
3472.216942971881 7.505333e-13
3474.960756855678 5.974123e-13
3477.7045706431836 4.952723e-13
3480.4483843347034 6.84723e-13
3483.192197930542 8.7556194e-13
3485.9360114310016 8.680279e-13
3488.6798248363825 8.417435e-13
3491.4236381469864 6.410031e-13
3494.16745136311 5.415101e-13
3496.911264485054 6.519723e-13
3499.6550775131113 7.0774723e-13
3502.39889044758 8.3332776e-13
3505.142703288752 9.765833e-13
3507.886516036921 1.0306662e-12
3510.630328692378 9.24217e-13
3513.3741412554145 7.593253e-13
3516.1179537263183 6.6285313e-13
3518.8617661053772 8.075389e-13
3521.60557839288 8.1614674e-13
3524.349390589109 6.3917307e-13
3527.0932026943524 5.4808117e-13
3529.8370147088904 6.9172684e-13
3532.5808266330077 9.111118e-13
3535.3246384669833 9.925658e-13
3538.0684502110967 1.1046262e-12
3540.812261865629 1.1560842e-12
3543.5560734308547 1.1291455e-12
3546.299884907053 1.1624116e-12
3549.0436962944973 1.0940103e-12
3551.787507593463 1.0163222e-12
3554.531318804222 9.639859e-13
3557.2751299270476 9.071012e-13
3560.018940962209 8.6560837e-13
3562.762751909978 9.07665e-13
3565.5065627706217 8.346848e-13
3568.250373544408 6.1340695e-13
3570.9941842316025 5.5845514e-13
3573.7379948324738 5.453546e-13
3576.4818053472836 6.1711297e-13
3579.2256157762963 5.214376e-13
3581.9694261197737 4.0946912e-13
3584.713236377976 4.585041e-13
3587.457046551165 5.062447e-13
3590.2008566395994 5.963185e-13
3592.9446666435374 6.7164666e-13
3595.688476563235 5.837154e-13
3598.43228639895 7.155021e-13
3601.1760961509362 8.834627e-13
3603.9199058194476 8.267246e-13
3606.663715404737 5.919491e-13
3609.407524907059 5.329436e-13
3612.151334326659 6.1098473e-13
3614.895143663793 7.7378777e-13
3617.6389529187054 8.2573315e-13
3620.3827620916477 6.886403e-13
3623.1265711828646 7.348459e-13
3625.8703801926017 8.7774335e-13
3628.6141891211073 9.49266e-13
3631.3579979686224 8.4958765e-13
3634.1018067353925 6.6472414e-13
3636.8456154216556 7.336934e-13
3639.5894240276584 8.856707e-13
3642.3332325536376 9.341679e-13
3645.077040999834 8.0395705e-13
3647.8208493664843 6.9546484e-13
3650.5646576538275 6.843286e-13
3653.3084658621005 8.404015e-13
3656.0522739915373 8.985849e-13
3658.796082042374 1.0193439e-12
3661.5398900148434 1.1153487e-12
3664.283697909179 1.1390935e-12
3667.0275057256117 1.1146268e-12
3669.771313464374 1.0769168e-12
3672.515121125695 1.0071285e-12
3675.2589287098044 1.0382228e-12
3678.002736216929 9.974054e-13
3680.7465436473 8.941272e-13
3683.4903510011395 8.457484e-13
3686.2341582786757 9.241259e-13
3688.9779654801337 8.6707e-13
3691.721772605736 9.424104e-13
3694.4655796557063 1.072081e-12
3697.2093866302675 1.0816135e-12
3699.9531935296404 1.1188623e-12
3702.697000354045 1.0892246e-12
3705.440807103701 9.363057e-13
3708.1846137788275 6.9844266e-13
3710.9284203796433 7.4701026e-13
3713.6722269063644 9.423687e-13
3716.4160333592076 1.0079362e-12
3719.159839738388 7.888473e-13
3721.9036460441216 5.363729e-13
3724.647452276619 5.6395443e-13
3727.3912584360974 7.35703e-13
3730.135064522765 7.355445e-13
3732.878870536836 6.8832114e-13
3735.6226764785197 5.320025e-13
3738.3664823480262 4.703187e-13
3741.1102881455636 5.718306e-13
3743.854093871342 6.670241e-13
3746.597899525567 5.432726e-13
3749.3417051084452 4.7987244e-13
3752.085510620183 5.728044e-13
3754.8293160609855 7.699134e-13
3757.5731214310567 8.7355085e-13
3760.3169267306002 7.7634123e-13
3763.0607319598193 8.218266e-13
3765.8045371189146 8.1684876e-13
3768.548342208088 8.5181547e-13
3771.2921472275398 1.036803e-12
3774.035952177469 1.1703987e-12
3776.779757058076 1.1687678e-12
3779.5235618695574 1.1638087e-12
3782.2673666121113 1.2045722e-12
3785.0111712859357 1.1736324e-12
3787.754975891223 1.0743052e-12
3790.4987804281714 9.654883e-13
3793.2425848969738 1.0021087e-12
3795.986389297826 9.89368e-13
3798.7301936309177 9.585395e-13
3801.4739978964435 9.214409e-13
3804.217802094596 1.0982722e-12
3806.9616062255627 1.1599897e-12
3809.705410289537 1.1133144e-12
3812.4492142867043 1.1109658e-12
3815.1930182172578 9.554269e-13
3817.936822081382 8.1121286e-13
3820.680625879268 7.6636684e-13
3823.424429611099 6.574495e-13
3826.168233277062 6.289448e-13
3828.912036877341 6.174123e-13
3831.6558404121242 7.31678e-13
3834.399643881591 7.5202046e-13
3837.1434472859273 7.843873e-13
3839.8872506253156 8.060319e-13
3842.6310538999364 7.7860103e-13
3845.3748571099723 9.804464e-13
3848.1186602556013 1.0870581e-12
3850.862463337007 1.0320081e-12
3853.6062663543644 9.711891e-13
3856.3500693078554 9.0492327e-13
3859.0938721976554 7.0662405e-13
3861.8376750239436 6.6044956e-13
3864.581477786896 8.3682876e-13
3867.325280486687 9.755006e-13
3870.0690831234942 1.0689786e-12
3872.8128856974904 1.0703662e-12
3875.5566882088497 9.614034e-13
3878.300490657746 9.255845e-13
3881.044293044352 9.0582267e-13
3883.78809536884 1.02127e-12
3886.5318976313815 9.0605746e-13
3889.2756998321456 8.2800823e-13
3892.0195019713055 1.0174438e-12
3894.763304049027 1.0978923e-12
3897.5071060654827 9.985934e-13
3900.250908020839 9.783961e-13
3902.9947099152646 9.89506e-13
3905.7385117489257 1.0525962e-12
3908.482313521989 1.0893891e-12
3911.2261152346205 1.1960956e-12
3913.969916886985 1.2681743e-12
3916.713718479249 1.2645954e-12
3919.457520011576 1.1427854e-12
3922.201321484128 9.576137e-13
3924.9451228970684 9.247576e-13
3927.6889242505613 9.319353e-13
3930.432725544767 7.973998e-13
3933.1765267798473 7.1265503e-13
3935.9203279559624 8.0129853e-13
3938.6641290732728 8.216296e-13
3941.407930131936 9.339892e-13
3944.1517311321145 8.388826e-13
3946.8955320739633 8.1297463e-13
3949.639332957643 1.0212903e-12
3952.3831337833094 1.2166683e-12
3955.126934551118 1.2613502e-12
3957.8707352612264 1.1283159e-12
3960.6145359137895 8.9100954e-13
3963.3583365089626 7.049581e-13
3966.1021370469007 7.736294e-13
3968.845937527756 8.433059e-13
3971.589737951683 9.170943e-13
3974.333538318835 1.0702904e-12
3977.0773386293627 1.2996214e-12
3979.82113888342 1.4711462e-12
3982.564939081155 1.4826819e-12
3985.3087392227208 1.5645386e-12
3988.0525393082667 1.6826071e-12
3990.796339337942 1.6663038e-12
3993.5401393118964 1.7134199e-12
3996.283939230277 1.7771751e-12
3999.027739093235 1.6902698e-12
4001.7715389009136 1.7473966e-12
4004.515338653462 1.8865267e-12
4007.2591383510276 1.7958609e-12
4010.0029379937546 1.8733407e-12
4012.746737581789 1.989971e-12
4015.4905371152754 2.0528711e-12
4018.234336594359 2.0799675e-12
4020.9781360191837 2.0646557e-12
4023.721935389891 2.0007325e-12
4026.465734706626 1.9571586e-12
4029.20953396953 1.9838666e-12
4031.9533331787447 1.664925e-12
4034.697132334412 1.4245146e-12
4037.4409314366726 1.7396977e-12
4040.1847304856674 2.1764678e-12
4042.9285294815363 2.1283828e-12
4045.672328424417 1.8564286e-12
4048.4161273144505 1.64071e-12
4051.1599261517745 2.0530507e-12
4053.9037249365274 2.269441e-12
4056.6475236688466 2.2276148e-12
4059.391322348869 2.165894e-12
4062.13512097673 2.1093474e-12
4064.878919552567 1.838697e-12
4067.622718076516 1.8757433e-12
4070.36651654871 2.0832034e-12
4073.1103149692863 1.932404e-12
4075.854113338378 2.0457895e-12
4078.5979116561184 2.044994e-12
4081.3417099226417 2.1163024e-12
4084.0855081380796 2.3297158e-12
4086.829306302566 2.460232e-12
4089.5731044162308 2.6440575e-12
4092.3169024792082 2.576197e-12
4095.0607004916264 2.4176713e-12
4097.804498453619 2.2083175e-12
4100.548296365313 2.0521523e-12
4103.292094226839 2.0214657e-12
4106.035892038327 2.185729e-12
4108.779689799907 2.2812813e-12
4111.523487511705 2.1991675e-12
4114.26728517385 2.1711634e-12
4117.011082786468 2.2720155e-12
4119.754880349688 2.331208e-12
4122.498677863638 2.402548e-12
4125.24247532844 2.5174398e-12
4127.986272744222 2.6348286e-12
4130.730070111111 2.3851834e-12
4133.473867429229 2.1681578e-12
4136.217664698702 2.2175961e-12
4138.961461919653 2.4629261e-12
4141.7052590922085 2.434019e-12
4144.449056216488 2.069286e-12
4147.192853292617 2.113988e-12
4149.936650320717 2.4549807e-12
4152.680447300908 2.582873e-12
4155.424244233315 2.5657382e-12
4158.168041118059 2.6631132e-12
4160.911837955257 2.7613636e-12
4163.655634745032 2.8489613e-12
4166.399431487505 2.6924981e-12
4169.143228182796 2.5323528e-12
4171.887024831019 2.4442822e-12
4174.630821432297 2.2608285e-12
4177.374617986749 2.4198735e-12
4180.118414494492 2.679324e-12
4182.862210955642 2.745525e-12
4185.6060073703175 2.6452154e-12
4188.349803738634 2.5311185e-12
4191.093600060711 2.531834e-12
4193.83739633666 2.6753651e-12
4196.581192566603 2.6998744e-12
4199.324988750648 2.3823623e-12
4202.068784888915 2.1730382e-12
4204.8125809815165 2.2944123e-12
4207.556377028567 2.542019e-12
4210.3001730301785 2.5978167e-12
4213.043968986468 2.5276354e-12
4215.7877648975455 2.3421282e-12
4218.531560763524 2.0350139e-12
4221.275356584516 1.7841415e-12
4224.0191523606345 1.3764097e-12
4226.76294809199 9.088693e-13
4229.506743778694 7.915187e-13
4232.2505394208565 1.159933e-12
4234.994335018587 1.551292e-12
4237.738130571998 1.848427e-12
4240.481926081197 2.097133e-12
4243.225721546296 2.2108624e-12
4245.969516967401 2.4387072e-12
4248.713312344623 2.3839364e-12
4251.4571076780685 2.102246e-12
4254.200902967845 1.7796371e-12
4256.944698214061 1.7307539e-12
4259.688493416826 2.10635e-12
4262.432288576243 2.184891e-12
4265.1760836924195 2.5010256e-12
4267.919878765461 2.6565267e-12
4270.663673795476 2.4319219e-12
4273.407468782568 1.9151868e-12
4276.151263726842 1.7706416e-12
4278.8950586284045 2.204657e-12
4281.638853487356 2.5930857e-12
4284.382648303804 2.4660014e-12
4287.126443077852 2.4228312e-12
4289.870237809603 2.042943e-12
4292.614032499159 1.90942e-12
4295.357827146624 2.3726414e-12
4298.101621752101 2.4698848e-12
4300.845416315688 2.2130021e-12
4303.589210837492 2.1817522e-12
4306.333005317612 2.3772182e-12
4309.076799756151 2.1945319e-12
4311.820594153205 2.5637903e-12
4314.564388508879 3.0351236e-12
4317.308182823271 3.017228e-12
4320.051977096481 3.0793334e-12
4322.79577132861 3.1464698e-12
4325.539565519754 2.9009627e-12
4328.283359670015 2.7175532e-12
4331.02715377949 3.361846e-12
4333.770947848279 3.5723232e-12
4336.514741876476 3.5945867e-12
4339.258535864183 3.2201741e-12
4342.002329811495 3.1704908e-12
4344.74612371851 3.421209e-12
4347.4899175853225 3.4455624e-12
4350.23371141203 3.6397144e-12
4352.977505198728 3.2427854e-12
4355.721298945516 3.1509485e-12
4358.465092652484 3.5295814e-12
4361.20888631973 3.5756589e-12
4363.952679947346 3.651696e-12
4366.696473535432 3.8034484e-12
4369.440267084079 3.713822e-12
4372.184060593379 3.5919967e-12
4374.927854063429 3.5010705e-12
4377.6716474943205 3.2547992e-12
4380.415440886147 3.196288e-12
4383.159234239 2.854518e-12
4385.903027552974 2.5386412e-12
4388.64682082816 3.2006188e-12
4391.390614064652 3.4664422e-12
4394.134407262539 3.7601758e-12
4396.87820042191 3.8035243e-12
4399.621993542862 3.99254e-12
4402.3657866254825 3.7025296e-12
4405.10957966986 3.1542366e-12
4407.853372676088 2.9922928e-12
4410.597165644255 3.5143674e-12
4413.34095857445 3.948192e-12
4416.084751466765 3.5338614e-12
4418.828544321285 3.899542e-12
4421.572337138101 4.2262244e-12
4424.316129917302 3.899633e-12
4427.059922658976 3.506561e-12
4429.8037153632085 3.6450556e-12
4432.54750803009 3.9488152e-12
4435.291300659706 3.6500347e-12
4438.035093252145 3.5520335e-12
4440.778885807493 4.3059566e-12
4443.522678325837 4.28513e-12
4446.266470807262 4.4648027e-12
4449.010263251857 4.5950956e-12
4451.754055659705 4.3329624e-12
4454.497848030891 3.711234e-12
4457.2416403655025 3.0525881e-12
4459.985432663624 3.4318754e-12
4462.729224925339 3.7219806e-12
4465.4730171507335 4.2867615e-12
4468.216809339889 4.569387e-12
4470.960601492892 4.695359e-12
4473.704393609826 4.877367e-12
4476.448185690774 4.9298356e-12
4479.191977735817 5.0325412e-12
4481.9357697450405 4.757136e-12
4484.679561718528 4.725984e-12
4487.423353656358 5.1295643e-12
4490.167145558616 4.9388198e-12
4492.910937425382 4.8628254e-12
4495.65472925674 4.7919893e-12
4498.398521052769 4.7229204e-12
4501.142312813549 5.1667156e-12
4503.886104539166 5.419803e-12
4506.629896229694 5.5004087e-12
4509.373687885219 5.3812714e-12
4512.117479505819 5.3072707e-12
4514.861271091572 5.1842406e-12
4517.60506264256 5.2330974e-12
4520.348854158864 5.185727e-12
4523.09264564056 5.3034044e-12
4525.836437087725 4.92663e-12
4528.580228500444 4.3677345e-12
4531.324019878791 4.239527e-12
4534.067811222845 4.110857e-12
4536.8116025326835 3.9693617e-12
4539.555393808387 5.0441734e-12
4542.299185050029 5.33551e-12
4545.04297625769 5.26009e-12
4547.786767431445 5.0223007e-12
4550.530558571371 5.1762782e-12
4553.274349677546 5.2985953e-12
4556.018140750047 5.247788e-12
4558.761931788947 5.790634e-12
4561.505722794322 6.134725e-12
4564.24951376625 6.09787e-12
4566.993304704807 6.1150408e-12
4569.737095610067 6.245901e-12
4572.480886482102 5.9351946e-12
4575.224677320991 6.164897e-12
4577.968468126806 6.0785313e-12
4580.7122588996235 5.652685e-12
4583.456049639515 5.7049777e-12
4586.199840346557 5.7972247e-12
4588.943631020821 5.9209356e-12
4591.687421662383 6.124289e-12
4594.431212271312 5.925657e-12
4597.1750028476845 6.174836e-12
4599.918793391571 6.1771664e-12
4602.662583903048 5.8676957e-12
4605.4063743821835 6.035358e-12
4608.150164829049 6.134415e-12
4610.8939552437205 6.5210294e-12
4613.637745626268 6.479353e-12
4616.381535976761 6.3661494e-12
4619.125326295274 6.382011e-12
4621.869116581876 6.466093e-12
4624.612906836639 6.3367367e-12
4627.356697059633 6.2309363e-12
4630.100487250927 6.375337e-12
4632.844277410593 6.4344224e-12
4635.588067538701 6.2740676e-12
4638.331857635321 6.0781237e-12
4641.075647700522 5.971372e-12
4643.819437734372 6.223115e-12
4646.5632277369405 5.8997442e-12
4649.3070177083 5.7926467e-12
4652.050807648518 5.8817317e-12
4654.794597557658 5.873714e-12
4657.538387435793 6.096276e-12
4660.282177282992 6.6895686e-12
4663.025967099321 6.7441126e-12
4665.769756884847 6.233808e-12
4668.513546639639 5.623632e-12
4671.257336363767 5.9109874e-12
4674.001126057292 6.2552437e-12
4676.744915720285 6.3073886e-12
4679.488705352813 6.376796e-12
4682.232494954939 5.9010748e-12
4684.976284526735 5.9489492e-12
4687.720074068264 6.0717295e-12
4690.46386357959 6.182429e-12
4693.207653060783 6.145359e-12
4695.951442511907 6.3103468e-12
4698.695231933028 6.2995204e-12
4701.439021324206 6.0737e-12
4704.182810685513 5.938632e-12
4706.926600017013 5.930947e-12
4709.670389318766 5.937131e-12
4712.414178590841 6.17449e-12
4715.157967833301 6.24121e-12
4717.901757046209 6.1981605e-12
4720.645546229632 6.3095917e-12
4723.389335383629 6.313845e-12
4726.133124508268 6.264794e-12
4728.876913603608 5.967796e-12
4731.620702669719 5.904367e-12
4734.364491706658 5.978937e-12
4737.1082807144885 5.9575487e-12
4739.852069693274 5.9030216e-12
4742.595858643079 5.8578103e-12
4745.339647563964 5.9742268e-12
4748.083436455989 6.0947658e-12
4750.827225319219 6.070986e-12
4753.571014153716 5.851648e-12
4756.3148029595395 5.709937e-12
4759.0585917367525 5.5303847e-12
4761.8023804854165 5.2952525e-12
4764.54616920559 5.061447e-12
4767.2899578973365 4.8791275e-12
4770.033746560716 4.818921e-12
4772.777535195789 4.728447e-12
4775.521323802614 4.694412e-12
4778.265112381254 4.526925e-12
4781.008900931769 4.3874388e-12
4783.752689454215 4.389318e-12
4786.496477948655 4.6222856e-12
4789.2402664151505 4.87157e-12
4791.984054853759 5.085461e-12
4794.727843264535 5.304983e-12
4797.471631647543 5.534186e-12
4800.215420002843 5.5733573e-12
4802.959208330488 5.5702045e-12
4805.702996630541 5.7296286e-12
4808.446784903059 5.620708e-12
4811.190573148098 5.586372e-12
4813.93436136572 5.6153437e-12
4816.678149555982 5.6691075e-12
4819.421937718939 5.7007446e-12
4822.165725854649 5.516894e-12
4824.909513963172 5.3264467e-12
4827.653302044565 5.352852e-12
4830.397090098881 5.3554635e-12
4833.140878126182 5.3390864e-12
4835.884666126521 5.376454e-12
4838.628454099956 5.503577e-12
4841.372242046544 5.5546735e-12
4844.11602996634 5.471844e-12
4846.8598178594 5.676568e-12
4849.6036057257825 5.946235e-12
4852.347393565542 5.91099e-12
4855.0911813787325 5.857802e-12
4857.834969165409 5.81974e-12
4860.578756925629 5.7489404e-12
4863.322544659448 5.5658048e-12
4866.06633236692 5.7448516e-12
4868.810120048099 5.7887553e-12
4871.55390770304 5.571768e-12
4874.297695331799 5.5018733e-12
4877.041482934429 5.6891735e-12
4879.785270510984 5.726751e-12
4882.52905806152 5.73219e-12
4885.27284558609 5.7150816e-12
4888.016633084748 5.6258206e-12
4890.760420557545 5.542503e-12
4893.504208004538 5.6014668e-12
4896.247995425778 6.208473e-12
4898.991782821321 6.3402057e-12
4901.735570191219 6.2019222e-12
4904.479357535521 6.168597e-12
4907.223144854285 6.3766527e-12
4909.966932147561 6.491731e-12
4912.710719415402 6.453059e-12
4915.454506657861 6.309819e-12
4918.198293874988 6.117433e-12
4920.942081066838 5.567764e-12
4923.685868233462 5.8177512e-12
4926.429655374909 6.2666803e-12
4929.173442491235 6.665578e-12
4931.917229582488 6.7180332e-12
4934.661016648722 6.3898917e-12
4937.404803689987 6.29972e-12
4940.148590706332 6.1311186e-12
4942.89237769781 6.19338e-12
4945.636164664473 6.519104e-12
4948.379951606371 6.6870736e-12
4951.123738523551 6.8802438e-12
4953.867525416066 6.6591537e-12
4956.61131228397 5.9232506e-12
4959.355099127305 5.237306e-12
4962.098885946129 5.50542e-12
4964.842672740485 5.672851e-12
4967.586459510426 5.6496947e-12
4970.330246256004 5.667745e-12
4973.074032977264 5.9756544e-12
4975.817819674257 6.0838513e-12
4978.561606347032 5.903037e-12
4981.30539299564 5.5543478e-12
4984.049179620127 5.1069405e-12
4986.792966220541 5.366628e-12
4989.536752796933 5.577481e-12
4992.280539349353 5.407992e-12
4995.0243258778455 5.5510696e-12
4997.7681123824605 5.6049583e-12
5000.511898863246 5.3527217e-12
5003.255685320251 5.1672915e-12
5005.999471753522 5.324077e-12
5008.743258163105 5.020006e-12
5011.4870445490515 5.139684e-12
5014.230830911406 5.096126e-12
5016.974617250218 4.8713386e-12
5019.718403565535 5.3039196e-12
5022.4621898574 5.403325e-12
5025.2059761258615 5.186074e-12
5027.9497623709685 5.413324e-12
5030.693548592768 5.399224e-12
5033.437334791303 5.59809e-12
5036.181120966622 5.4351254e-12
5038.924907118773 5.082521e-12
5041.6686932478 4.8414007e-12
5044.412479353749 4.986863e-12
5047.156265436667 5.4801103e-12
5049.900051496599 5.5679233e-12
5052.643837533591 5.231347e-12
5055.387623547688 5.3457976e-12
5058.131409538937 5.415328e-12
5060.875195507384 5.525522e-12
5063.61898145307 5.4733904e-12
5066.362767376044 5.020879e-12
5069.106553276349 4.9738083e-12
5071.850339154031 5.018213e-12
5074.594125009135 5.063877e-12
5077.337910841703 5.143244e-12
5080.081696651781 5.0175927e-12
5082.825482439415 4.8724067e-12
5085.569268204648 4.870745e-12
5088.313053947525 5.186541e-12
5091.056839668089 5.164487e-12
5093.800625366382 5.3264108e-12
5096.544411042452 5.266317e-12
5099.2881966963405 5.1802148e-12
5102.031982328091 5.2790055e-12
5104.775767937747 4.670934e-12
5107.519553525351 4.6601794e-12
5110.263339090949 4.775626e-12
5113.007124634583 4.936563e-12
5115.750910156293 5.1718334e-12
5118.494695656124 5.4053624e-12
5121.23848113412 5.1456044e-12
5123.982266590324 4.910318e-12
5126.726052024774 4.6414656e-12
5129.4698374375175 4.6606378e-12
5132.213622828595 4.8078113e-12
5134.957408198048 5.199538e-12
5137.701193545921 5.291014e-12
5140.444978872252 5.2123705e-12
5143.188764177086 5.2626384e-12
5145.932549460466 5.140835e-12
5148.676334722431 4.927451e-12
5151.4201199630215 4.9221087e-12
5154.163905182279 4.6355e-12
5156.907690380251 4.895816e-12
5159.651475556972 5.6421634e-12
5162.395260712484 5.8568636e-12
5165.139045846831 5.4570814e-12
5167.882830960053 4.526188e-12
5170.626616052188 3.828174e-12
5173.37040112328 3.7137923e-12
5176.1141861733695 3.8241645e-12
5178.857971202495 4.2681705e-12
5181.601756210698 4.0736854e-12
5184.345541198019 3.785935e-12
5187.089326164498 4.4193737e-12
5189.833111110173 5.288669e-12
5192.576896035087 5.3730995e-12
5195.3206809392805 5.265701e-12
5198.064465822788 5.7569405e-12
5200.808250685655 5.877819e-12
5203.5520355279195 5.217044e-12
5206.295820349619 4.169241e-12
5209.039605150792 3.747605e-12
5211.783389931484 4.425824e-12
5214.527174691729 6.0418233e-12
5217.270959431566 6.5947504e-12
5220.014744151034 6.9481807e-12
5222.758528850174 7.175228e-12
5225.502313529026 6.6665857e-12
5228.246098187623 6.2486e-12
5230.989882826009 6.7755155e-12
5233.7336674442195 6.9662895e-12
5236.4774520422925 7.204199e-12
5239.221236620269 7.60519e-12
5241.965021178188 7.463501e-12
5244.708805716081 7.362984e-12
5247.452590233992 7.1568055e-12
5250.196374731959 6.8681606e-12
5252.940159210017 6.9531967e-12
5255.683943668202 7.1934065e-12
5258.427728106556 7.319879e-12
5261.171512525115 7.1598847e-12
5263.915296923916 6.176617e-12
5266.659081302998 5.514441e-12
5269.402865662394 5.4220803e-12
5272.146650002145 5.4755514e-12
5274.890434322288 6.618574e-12
5277.634218622858 7.2224735e-12
5280.378002903892 7.5317365e-12
5283.121787165426 7.2372494e-12
5285.865571407501 7.297516e-12
5288.609355630149 7.89189e-12
5291.353139833407 7.877443e-12
5294.096924017314 7.788826e-12
5296.840708181905 7.357688e-12
5299.584492327217 6.5926214e-12
5302.328276453281 7.149915e-12
5305.07206056014 7.7734e-12
5307.815844647827 8.013119e-12
5310.559628716377 8.006804e-12
5313.3034127658275 8.139943e-12
5316.047196796213 8.090062e-12
5318.790980807567 8.134717e-12
5321.534764799931 7.825223e-12
5324.278548773334 7.4537616e-12
5327.022332727815 6.890157e-12
5329.766116663407 6.2309845e-12
5332.5099005801485 6.9620173e-12
5335.25368447807 7.64416e-12
5337.997468357209 7.735896e-12
5340.741252217601 7.385449e-12
5343.485036059281 7.283591e-12
5346.228819882281 7.398461e-12
5348.97260368664 7.316844e-12
5351.716387472386 7.737607e-12
5354.460171239558 8.3022755e-12
5357.203954988189 8.483749e-12
5359.947738718316 8.7327255e-12
5362.69152242997 8.554541e-12
5365.435306123184 8.297858e-12
5368.179089797997 8.070033e-12
5370.92287345444 7.5624845e-12
5373.6666570925445 7.2129585e-12
5376.410440712348 8.338594e-12
5379.154224313882 8.79855e-12
5381.898007897184 8.884599e-12
5384.641791462279 8.587132e-12
5387.385575009209 8.774247e-12
5390.1293585380035 8.715658e-12
5392.873142048696 8.3407855e-12
5395.616925541321 7.887212e-12
5398.36070901591 7.579954e-12
5401.104492472496 7.991292e-12
5403.848275911114 8.026204e-12
5406.592059331795 7.3264545e-12
5409.335842734572 7.37596e-12
5412.0796261194755 7.626261e-12
5414.823409486545 8.506107e-12
5417.567192835807 8.930324e-12
5420.310976167294 9.071538e-12
5423.05475948104 8.872539e-12
5425.798542777078 8.745451e-12
5428.54232605544 8.651063e-12
5431.286109316157 7.799959e-12
5434.029892559262 7.7255155e-12
5436.773675784784 7.923012e-12
5439.517458992759 8.628122e-12
5442.261242183219 9.047089e-12
5445.005025356193 8.850722e-12
5447.748808511713 7.721974e-12
5450.492591649812 7.598827e-12
5453.236374770521 7.905734e-12
5455.980157873871 7.6373925e-12
5458.723940959892 7.759489e-12
5461.467724028619 8.1704565e-12
5464.211507080081 8.072254e-12
5466.955290114308 8.297723e-12
5469.699073131332 8.542924e-12
5472.442856131186 8.429316e-12
5475.186639113898 8.2558665e-12
5477.930422079502 8.038023e-12
5480.6742050280245 8.246751e-12
5483.4179879595 8.388089e-12
5486.161770873957 8.635899e-12
5488.905553771427 8.627523e-12
5491.64933665194 8.819219e-12
5494.393119515525 8.934741e-12
5497.136902362215 8.6488264e-12
5499.880685192039 8.418784e-12
5502.624468005028 8.312965e-12
5505.36825080121 8.297307e-12
5508.112033580617 8.2453835e-12
5510.855816343279 8.292843e-12
5513.599599089224 8.022649e-12
5516.343381818484 8.134847e-12
5519.087164531087 8.586318e-12
5521.830947227063 8.896931e-12
5524.574729906443 8.98776e-12
5527.318512569255 8.8897075e-12
5530.06229521553 8.790959e-12
5532.806077845296 8.988947e-12
5535.549860458584 9.062927e-12
5538.29364305542 9.031439e-12
5541.037425635834 9.10428e-12
5543.78120819986 9.161753e-12
5546.52499074752 9.175497e-12
5549.268773278847 9.280472e-12
5552.01255579387 9.346906e-12
5554.756338292617 9.331636e-12
5557.500120775118 9.201307e-12
5560.243903241399 9.148986e-12
5562.987685691489 9.049186e-12
5565.731468125418 8.804051e-12
5568.475250543216 8.664306e-12
5571.219032944909 8.742044e-12
5573.962815330526 8.873535e-12
5576.706597700094 9.000214e-12
5579.450380053643 9.05574e-12
5582.194162391201 8.936151e-12
5584.937944712796 8.622988e-12
5587.681727018453 8.338709e-12
5590.425509308206 7.921852e-12
5593.169291582079 8.184061e-12
5595.9130738401 8.334564e-12
5598.656856082297 8.248042e-12
5601.400638308697 8.125035e-12
5604.144420519331 8.411067e-12
5606.888202714223 8.796214e-12
5609.631984893401 9.058168e-12
5612.375767056891 9.0541e-12
5615.1195492047245 8.882882e-12
5617.863331336928 8.612545e-12
5620.607113453525 8.678688e-12
5623.350895554546 8.863379e-12
5626.094677640018 8.974584e-12
5628.838459709968 9.020419e-12
5631.582241764421 9.0651e-12
5634.326023803404 9.2884355e-12
5637.069805826946 9.37637e-12
5639.813587835075 9.341362e-12
5642.557369827813 9.39687e-12
5645.30115180519 9.34269e-12
5648.044933767232 9.3940515e-12
5649.677322876023 9.495013e-12
5654.554358096804 9.536982e-12
5659.431393269419 9.213187e-12
5664.30842839401 9.255578e-12
5669.185463470731 9.407872e-12
5674.062498499721 9.542218e-12
5678.9395334811325 9.563295e-12
5683.816568415108 9.463536e-12
5688.693603301791 9.4733475e-12
5693.570638141331 9.675049e-12
5698.447672933867 9.611183e-12
5703.3247076795415 9.533971e-12
5708.201742378501 9.428864e-12
5713.078777030884 9.44952e-12
5717.9558116368335 9.84287e-12
5722.83284619649 9.9434315e-12
5727.709880709992 9.892192e-12
5732.586915177481 9.87765e-12
5737.463949599094 1.0262988e-11
5742.340983974972 1.0253808e-11
5747.218018305252 1.0335544e-11
5752.09505259007 1.0386318e-11
5756.9720868295635 1.0410329e-11
5761.849121023869 1.0277881e-11
5766.726155173123 1.0159531e-11
5771.603189277459 1.031119e-11
5776.480223337012 1.02469535e-11
5781.357257351918 1.0082972e-11
5786.234291322307 1.0005187e-11
5791.111325248314 1.0246724e-11
5795.988359130071 1.0974953e-11
5800.86539296771 1.0860113e-11
5805.742426761362 1.0786867e-11
5810.6194605111605 1.06851325e-11
5815.496494217232 1.0387122e-11
5820.373527879706 1.04273985e-11
5825.250561498717 1.058333e-11
5830.127595074388 1.0584727e-11
5835.00462860685 1.0589193e-11
5839.881662096232 1.05556215e-11
5844.758695542657 1.0580058e-11
5849.635728946256 1.0354707e-11
5854.512762307153 9.801428e-12
5859.389795625474 9.602634e-12
5864.266828901344 9.666105e-12
5869.143862134889 9.627331e-12
5874.020895326233 9.460955e-12
5878.897928475499 8.706764e-12
5883.77496158281 7.46322e-12
5888.651994648289 5.546472e-12
5893.52902767206 4.86257e-12
5898.406060654241 5.854433e-12
5903.283093594957 7.895925e-12
5908.1601264943265 8.930339e-12
5913.037159352472 9.353001e-12
5917.914192169512 9.50738e-12
5922.791224945565 9.611001e-12
5927.6682576807525 9.839557e-12
5932.545290375191 9.87817e-12
5937.422323029002 1.0035475e-11
5942.299355642296 1.00999495e-11
5947.176388215197 1.0137808e-11
5952.053420747819 1.0048574e-11
5956.9304532402775 9.956318e-12
5961.8074856926905 1.0056822e-11
5966.68451810517 1.0155552e-11
5971.561550477836 1.0352239e-11
5976.438582810797 1.0191842e-11
5981.315615104171 1.0263155e-11
5986.192647358069 1.0307334e-11
5991.069679572606 1.060615e-11
5995.946711747895 1.0737586e-11
6000.823743884046 1.0496904e-11
6005.700775981174 1.05097805e-11
6010.577808039389 1.056983e-11
6015.454840058799 1.0447122e-11
6020.331872039517 1.0462746e-11
6025.208903981654 1.06558035e-11
6030.085935885319 1.0974999e-11
6034.962967750621 1.101986e-11
6039.839999577669 1.1090794e-11
6044.717031366571 1.1246124e-11
6049.594063117436 1.1360772e-11
6054.471094830371 1.1225042e-11
6059.348126505483 1.1667104e-11
6064.225158142879 1.1128979e-11
6069.102189742664 1.1190216e-11
6073.979221304946 1.1616182e-11
6078.856252829831 1.1342528e-11
6083.733284317421 1.1141259e-11
6088.610315767824 1.10875085e-11
6093.487347181144 1.1210746e-11
6098.364378557485 1.10418e-11
6103.2414098969475 1.0497859e-11
6108.118441199638 1.0993071e-11
6112.995472465657 1.10704015e-11
6117.872503695111 1.0843219e-11
6122.7495348880975 9.9427255e-12
6127.626566044721 1.0667675e-11
6132.503597165082 1.1176215e-11
6137.38062824928 1.0862215e-11
6142.257659297416 1.1103102e-11
6147.134690309592 1.1288205e-11
6152.011721285907 1.0769854e-11
6156.8887522264595 1.0197165e-11
6161.765783131348 8.672298e-12
6166.642814000674 8.508943e-12
6171.519844834534 9.314532e-12
6176.396875633024 1.0060889e-11
6181.273906396244 1.0198104e-11
6186.150937124292 9.99083e-12
6191.027967817263 9.496533e-12
6195.904998475255 9.663466e-12
6200.782029098361 9.8425695e-12
6205.65905968668 9.9612965e-12
6210.536090240307 9.920003e-12
6215.413120759336 9.209408e-12
6220.290151243862 8.909853e-12
6225.167181693978 8.877898e-12
6230.044212109781 8.83069e-12
6234.921242491363 8.945216e-12
6239.798272838819 8.952194e-12
6244.675303152238 8.853227e-12
6249.552333431718 9.1570284e-12
6254.429363677345 9.080271e-12
6259.3063938892155 8.978658e-12
6264.183424067421 9.311139e-12
6269.060454212054 9.626986e-12
6273.9374843232 9.866834e-12
6278.814514400952 9.936731e-12
6283.691544445403 1.0091111e-11
6288.568574456642 1.0244054e-11
6293.445604434756 1.013728e-11
6298.322634379838 1.0136523e-11
6303.199664291974 1.0179992e-11
6308.076694171254 1.0356116e-11
6312.953724017766 1.0620435e-11
6317.8307538315985 1.0596495e-11
6322.707783612838 1.0772393e-11
6327.584813361574 1.1025149e-11
6332.461843077893 1.0864018e-11
6337.3388727618785 1.0834899e-11
6342.215902413622 1.1047004e-11
6347.092932033207 1.11466435e-11
6351.969961620718 1.1318206e-11
6356.846991176245 1.1003931e-11
6361.724020699868 1.0590747e-11
6366.6010501916735 1.0701922e-11
6371.478079651749 1.0864563e-11
6376.355109080175 1.06523896e-11
6381.232138477039 1.0216639e-11
6386.109167842422 1.0174928e-11
6390.986197176408 1.0332261e-11
6395.86322647908 1.0654676e-11
6400.740255750522 1.084982e-11
6405.617284990814 1.1138042e-11
6410.494314200042 1.1320778e-11
6415.371343378284 1.1372334e-11
6420.248372525626 1.1383312e-11
6425.125401642146 1.1483698e-11
6430.002430727925 1.1458679e-11
6434.879459783045 1.1315199e-11
6439.756488807585 1.11904765e-11
6444.633517801627 1.1551279e-11
6449.510546765249 1.1634159e-11
6454.387575698535 1.1503856e-11
6459.264604601559 1.17225596e-11
6464.1416334744035 1.1340364e-11
6469.018662317147 1.1873275e-11
6473.895691129865 1.2061999e-11
6478.7727199126375 1.229888e-11
6483.649748665545 1.2131227e-11
6488.526777388661 1.19648735e-11
6493.403806082067 1.1518657e-11
6498.280834745838 1.1134024e-11
6503.157863380049 1.1729446e-11
6508.03489198478 1.2178591e-11
6512.911920560104 1.23811e-11
6517.788949106101 1.2456062e-11
6522.665977622847 1.2505423e-11
6527.5430061104125 1.2714499e-11
6532.420034568876 1.2700447e-11
6537.297062998311 1.267565e-11
6542.174091398797 1.2780287e-11
6547.0511197704 1.2428136e-11
6551.928148113204 1.2327648e-11
6556.805176427275 1.2264747e-11
6561.6822047126925 1.20032005e-11
6566.559232969526 1.18993955e-11
6571.436261197851 1.2127701e-11
6576.31328939774 1.2075689e-11
6581.190317569265 1.2399985e-11
6586.0673457124985 1.2540482e-11
6590.944373827513 1.2365818e-11
6595.821401914381 1.2204551e-11
6600.698429973173 1.2373451e-11
6605.575458003961 1.25048045e-11
6610.452486006818 1.2313384e-11
6615.329513981814 1.2519663e-11
6620.206541929017 1.2375182e-11
6625.083569848502 1.2262629e-11
6629.960597740334 1.21677095e-11
6634.837625604589 1.2119654e-11
6639.714653441331 1.21831425e-11
6644.591681250635 1.2115571e-11
6649.468709032565 1.1991072e-11
6654.345736787195 1.1810952e-11
6659.222764514591 1.16771245e-11
6664.0997922148235 1.1692119e-11
6668.976819887957 1.173817e-11
6673.853847534065 1.171378e-11
6678.73087515321 1.148385e-11
6683.607902745463 1.1257754e-11
6688.484930310892 1.1380393e-11
6693.361957849563 1.1375486e-11
6698.238985361541 1.13521735e-11
6703.116012846896 1.13127745e-11
6707.993040305694 1.1481338e-11
6712.870067737999 1.1183819e-11
6717.747095143881 1.05738075e-11
6722.624122523403 1.0505745e-11
6727.501149876629 1.0858319e-11
6732.378177203628 1.0861922e-11
6737.255204504465 1.08361905e-11
6742.132231779203 1.0721698e-11
6747.009259027907 1.0619589e-11
6751.886286250644 1.0485111e-11
6756.763313447474 1.057238e-11
6761.640340618465 1.0708453e-11
6766.51736776368 1.0764704e-11
6771.394394883183 1.0669272e-11
6776.271421977035 1.0825394e-11
6781.148449045302 1.0524312e-11
6786.025476088047 1.0234162e-11
6790.9025031053325 1.0333302e-11
6795.77953009722 1.02931795e-11
6800.656557063772 1.0229743e-11
6805.533584005051 1.03543086e-11
6810.410610921121 1.0203899e-11
6815.28763781204 1.01907415e-11
6820.164664677874 1.01832215e-11
6825.041691518682 1.0220103e-11
6829.918718334526 1.0185446e-11
6834.795745125465 1.0187387e-11
6839.672771891561 1.0096059e-11
6844.549798632875 1.0036739e-11
6849.426825349469 9.89308e-12
6854.303852041401 9.818351e-12
6859.18087870873 9.814739e-12
6864.05790535152 9.741315e-12
6868.934931969828 9.81155e-12
6873.81195856371 9.7819435e-12
6878.68898513323 1.0078955e-11
6883.566011678448 1.0003874e-11
6888.443038199418 1.0200807e-11
6893.320064696205 1.0204652e-11
6898.19709116886 1.0326283e-11
6903.074117617446 1.029296e-11
6907.951144042021 1.0572286e-11
6912.828170442641 1.0660032e-11
6917.705196819365 1.0594761e-11
6922.5822231722495 1.06013896e-11
6927.459249501353 1.10440615e-11
6932.336275806733 1.1360967e-11
6937.213302088444 1.1403626e-11
6942.090328346546 1.158877e-11
6946.967354581094 1.171947e-11
6951.844380792143 1.1831754e-11
6956.72140697975 1.1833218e-11
6961.598433143974 1.1945037e-11
6966.475459284867 1.1804278e-11
6971.352485402488 1.1785254e-11
6976.22951149689 1.158605e-11
6981.106537568128 1.1630343e-11
6985.983563616261 1.1952619e-11
6990.860589641337 1.1935766e-11
6995.7376156434175 1.1807553e-11
7000.614641622556 1.2000808e-11
7005.491667578804 1.2068657e-11
7010.368693512215 1.21415595e-11
7015.245719422847 1.2171911e-11
7020.122745310754 1.2301797e-11
7024.999771175986 1.2419368e-11
7029.876797018602 1.25631085e-11
7034.75382283865 1.2581522e-11
7039.630848636185 1.2838838e-11
7044.507874411262 1.2996388e-11
7049.384900163932 1.3015534e-11
7054.261925894247 1.2511232e-11
7059.138951602261 1.1993825e-11
7064.015977288026 1.1934534e-11
7068.893002951594 1.2100346e-11
7073.77002859302 1.220239e-11
7078.647054212348 1.2155375e-11
7083.524079809641 1.1962506e-11
7088.401105384942 1.1560699e-11
7093.278130938304 1.1412638e-11
7098.155156469779 1.154522e-11
7103.032181979421 1.1654476e-11
7107.909207467276 1.1648356e-11
7112.7862329333975 1.1634081e-11
7117.663258377838 1.168702e-11
7122.540283800643 1.1547347e-11
7127.417309201866 1.09872025e-11
7132.2943345815565 1.0662615e-11
7137.171359939765 1.06726355e-11
7142.048385276541 1.0777839e-11
7146.9254105919335 1.0699315e-11
7151.802435885993 1.074221e-11
7156.679461158768 1.12002395e-11
7161.556486410309 1.1202517e-11
7166.433511640665 1.1750923e-11
7171.310536849882 1.1534531e-11
7176.1875620380115 1.15324425e-11
7181.064587205102 1.1586992e-11
7185.9416123512 1.16681465e-11
7190.818637476356 1.1551795e-11
7195.695662580617 1.1559653e-11
7200.572687664032 1.1425469e-11
7205.449712726647 1.1188612e-11
7210.326737768512 1.1349409e-11
7215.2037627896725 1.1687807e-11
7220.080787790176 1.1974832e-11
7224.957812770074 1.214122e-11
7229.834837729409 1.2200464e-11
7234.711862668227 1.2163039e-11
7239.588887586577 1.2322383e-11
7244.4659124845075 1.22120465e-11
7249.342937362061 1.237812e-11
7254.219962219288 1.234578e-11
7259.096987056233 1.2468947e-11
7263.974011872941 1.2530867e-11
7268.851036669459 1.2681991e-11
7273.728061445832 1.2833958e-11
7278.605086202108 1.2987371e-11
7283.482110938328 1.298529e-11
7288.359135654544 1.29485615e-11
7293.236160350795 1.2886024e-11
7298.113185027129 1.3004174e-11
7302.990209683591 1.3039416e-11
7307.867234320228 1.30433685e-11
7312.7442589370785 1.3134465e-11
7317.621283534192 1.3204963e-11
7322.498308111613 1.3104372e-11
7327.375332669384 1.28716e-11
7332.25235720755 1.3100735e-11
7337.129381726153 1.32768e-11
7342.006406225243 1.3270844e-11
7346.883430704855 1.3293857e-11
7351.760455165039 1.324217e-11
7356.637479605836 1.3007533e-11
7361.51450402729 1.2992901e-11
7366.391528429446 1.3246255e-11
7371.268552812345 1.3515708e-11
7376.145577176029 1.3505443e-11
7381.0226015205435 1.3590872e-11
7385.899625845928 1.3428628e-11
7390.776650152228 1.3317405e-11
7395.653674439488 1.3376039e-11
7400.530698707744 1.3282432e-11
7405.407722957041 1.3445211e-11
7410.284747187426 1.3406119e-11
7415.161771398933 1.3280426e-11
7420.0387955916085 1.3356276e-11
7424.915819765494 1.3445532e-11
7429.792843920629 1.3670492e-11
7434.669868057057 1.3542873e-11
7439.546892174821 1.3652283e-11
7444.423916273955 1.35127395e-11
7449.3009403545075 1.3475003e-11
7454.177964416517 1.3666695e-11
7459.054988460026 1.3569902e-11
7463.932012485071 1.3524765e-11
7468.809036491696 1.3529032e-11
7473.68606047994 1.3618331e-11
7478.5630844498455 1.36663875e-11
7483.440108401452 1.3792577e-11
7488.317132334794 1.3683599e-11
7493.1941562499205 1.3466682e-11
7498.071180146866 1.3482291e-11
7502.9482040256735 1.3693129e-11
7507.825227886377 1.34843196e-11
7512.702251729023 1.3446903e-11
7517.579275553648 1.3733304e-11
7522.4562993602885 1.3833208e-11
7527.333323148987 1.3805955e-11
7532.210346919785 1.37685245e-11
7537.087370672713 1.38774695e-11
7541.964394407818 1.3873044e-11
7546.841418125135 1.38063805e-11
7551.7184418247025 1.3846598e-11
7556.595465506563 1.3874546e-11
7561.47248917075 1.3790827e-11
7566.349512817304 1.3895911e-11
7571.226536446261 1.3763691e-11
7576.103560057662 1.36980306e-11
7580.980583651546 1.3708146e-11
7585.857607227945 1.37392675e-11
7590.734630786905 1.3700826e-11
7595.611654328453 1.3721991e-11
7600.488677852638 1.36213905e-11
7605.365701359489 1.3525406e-11
7610.242724849048 1.3503812e-11
7615.119748321347 1.3468268e-11
7619.996771776429 1.3373361e-11
7624.873795214329 1.36144585e-11
7629.750818635083 1.34602815e-11
7634.627842038726 1.3447565e-11
7639.5048654253005 1.3501613e-11
7644.381888794837 1.3444696e-11
7649.258912147375 1.3332272e-11
7654.135935482948 1.302296e-11
7659.012958801596 1.2813082e-11
7663.889982103352 1.2181564e-11
7668.767005388255 1.2251039e-11
7673.64402865634 1.29269035e-11
7678.521051907641 1.3300727e-11
7683.398075142193 1.3264758e-11
7688.275098360034 1.3168601e-11
7693.152121561199 1.2818605e-11
7698.029144745726 1.2444838e-11
7702.906167913645 1.24204345e-11
7707.783191064995 1.2983831e-11
7712.66021419981 1.302439e-11
7717.5372373181235 1.309264e-11
7722.414260419973 1.3119453e-11
7727.291283505392 1.301302e-11
7732.168306574416 1.3171143e-11
7737.045329627078 1.3166276e-11
7741.922352663413 1.3190971e-11
7746.799375683457 1.2896279e-11
7751.676398687244 1.28929445e-11
7756.553421674804 1.3080979e-11
7761.430444646178 1.3174754e-11
7766.307467601395 1.3318485e-11
7771.1844905404905 1.3267014e-11
7776.061513463497 1.3304991e-11
7780.938536370451 1.3069138e-11
7785.815559261385 1.2945373e-11
7790.69258213633 1.2941457e-11
7795.569604995323 1.3078487e-11
7800.446627838396 1.3164676e-11
7805.323650665582 1.3089899e-11
7810.200673476914 1.3205562e-11
7815.077696272427 1.3480072e-11
7819.954719052151 1.3428129e-11
7824.8317418161205 1.3227255e-11
7829.708764564368 1.3115958e-11
7834.5857872969245 1.28928535e-11
7839.462810013827 1.3071909e-11
7844.339832715105 1.3187682e-11
7849.216855400792 1.332385e-11
7854.093878070917 1.3235338e-11
7858.970900725517 1.3298745e-11
7863.8479233646185 1.33249045e-11
7868.72494598826 1.3384293e-11
7873.601968596471 1.3167551e-11
7878.47899118928 1.3342053e-11
7883.356013766726 1.3458108e-11
7888.233036328833 1.3551584e-11
7893.110058875638 1.3616687e-11
7897.98708140717 1.3557499e-11
7902.86410392346 1.33613225e-11
7907.741126424543 1.3347504e-11
7912.618148910445 1.3295039e-11
7917.4951713812015 1.3407842e-11
7922.372193836842 1.33032075e-11
7927.249216277396 1.3434344e-11
7932.126238702896 1.3412984e-11
7937.003261113372 1.3077526e-11
7941.880283508857 1.3580695e-11
7946.75730588938 1.3104195e-11
7951.634328254972 1.3324107e-11
7956.511350605662 1.3103932e-11
7961.388372941483 1.3470054e-11
7966.265395262463 1.3477648e-11
7971.142417568633 1.3609367e-11
7976.019439860022 1.3553393e-11
7980.896462136662 1.36624965e-11
7985.773484398587 1.3564652e-11
7990.650506645818 1.3687249e-11
7995.52752887839 1.344109e-11
8000.4045510963315 1.3298332e-11
8005.281573299672 1.3505041e-11
8010.158595488445 1.3535367e-11
8015.035617662672 1.3569523e-11
8019.91263982239 1.3466409e-11
8024.789661967625 1.3546469e-11
8029.666684098406 1.3474537e-11
8034.543706214761 1.3591943e-11
8039.420728316726 1.3627697e-11
8044.297750404322 1.3663422e-11
8049.17477247758 1.3491519e-11
8054.051794536532 1.3668916e-11
8058.928816581203 1.368297e-11
8063.8058386116245 1.3702232e-11
8068.682860627826 1.3642277e-11
8073.559882629831 1.36786225e-11
8078.436904617671 1.3568347e-11
8083.313926591375 1.3461416e-11
8088.1909485509705 1.3488511e-11
8093.067970496488 1.356549e-11
8097.9449924279525 1.3482547e-11
8102.822014345394 1.3573533e-11
8107.699036248839 1.3642444e-11
8112.576058138315 1.35231115e-11
8117.453080013853 1.34556585e-11
8122.330101875478 1.3622771e-11
8127.207123723219 1.3695223e-11
8132.084145557104 1.3804031e-11
8136.961167377159 1.3803592e-11
8141.838189183412 1.3676304e-11
8146.71521097589 1.3597989e-11
8151.592232754625 1.3567899e-11
8156.469254519637 1.3636977e-11
8161.346276270959 1.3548738e-11
8166.223298008613 1.3679926e-11
8171.100319732629 1.3590047e-11
8175.977341443036 1.33744005e-11
8180.854363139859 1.2770063e-11
8185.731384823123 1.237865e-11
8190.6084064928555 1.2604635e-11
8195.485428149086 1.2344247e-11
8200.36244979184 1.27125845e-11
8205.239471421139 1.3251312e-11
8210.11649303702 1.3401275e-11
8214.993514639496 1.3372837e-11
8219.870536228607 1.3251267e-11
8224.747557804369 1.335483e-11
8229.624579366813 1.3608888e-11
8234.501600915964 1.3422767e-11
8239.378622451846 1.343863e-11
8244.255643974493 1.3540792e-11
8249.13266548392 1.36165705e-11
8254.009686980162 1.34664935e-11
8258.886708463235 1.3433138e-11
8263.763729933176 1.365759e-11
8268.640751390003 1.35814285e-11
8273.517772833744 1.3436707e-11
8278.394794264423 1.3562037e-11
8283.271815682068 1.3359138e-11
8288.148837086703 1.3340165e-11
8293.025858478355 1.3196492e-11
8297.902879857047 1.3125866e-11
8302.779901222802 1.3210587e-11
8307.656922575652 1.3126575e-11
8312.533943915616 1.318903e-11
8317.410965242721 1.3256784e-11
8322.287986556992 1.3189779e-11
8327.165007858455 1.2864113e-11
8332.042029147133 1.2809375e-11
8336.919050423052 1.3112883e-11
8341.796071686234 1.3170109e-11
8346.67309293671 1.3177731e-11
8351.550114174497 1.3097335e-11
8356.427135399623 1.3116004e-11
8361.304156612114 1.2913619e-11
8366.181177811988 1.2857213e-11
8371.058198999279 1.3071605e-11
8375.935220174004 1.2805857e-11
8380.812241336187 1.2707227e-11
8385.689262485857 1.2644513e-11
8390.566283623035 1.2762164e-11
8395.443304747743 1.2974172e-11
8400.320325860008 1.3040779e-11
8405.197346959854 1.3046309e-11
8410.074368047304 1.3045113e-11
8414.951389122381 1.301471e-11
8419.82841018511 1.2868791e-11
8424.705431235512 1.2900702e-11
8429.582452273611 1.2773043e-11
8434.459473299437 1.2501097e-11
8439.336494313005 1.2539416e-11
8444.213515314343 1.2996607e-11
8449.09053630347 1.30602335e-11
8453.967557280417 1.3199819e-11
8458.844578245196 1.3103808e-11
8463.721599197841 1.3057731e-11
8468.598620138371 1.269553e-11
8473.475641066803 1.2843885e-11
8478.352661983172 1.2985383e-11
8483.22968288749 1.2780919e-11
8488.106703779787 1.2759932e-11
8492.983724660082 1.2427501e-11
8497.860745528398 1.20107925e-11
8502.73776638476 1.2392828e-11
8507.614787229186 1.2773377e-11
8512.491808061703 1.2641852e-11
8517.36882888233 1.2463705e-11
8522.245849691097 1.2704638e-11
8527.122870488012 1.2541901e-11
8531.999891273115 1.23141e-11
8536.876912046411 1.1754339e-11
8541.753932807938 1.0748305e-11
8546.630953557707 1.1134729e-11
8551.507974295742 1.237483e-11
8556.384995022072 1.2831905e-11
8561.262015736707 1.2935189e-11
8566.139036439678 1.2842488e-11
8571.016057131006 1.282676e-11
8575.893077810711 1.2768654e-11
8580.770098478813 1.2816103e-11
8585.64711913534 1.292128e-11
8590.524139780306 1.2935537e-11
8595.401160413736 1.29029365e-11
8600.27818103565 1.2914988e-11
8605.155201646076 1.3024538e-11
8610.032222245027 1.2982395e-11
8614.909242832528 1.2868567e-11
8619.786263408598 1.2944894e-11
8624.663283973263 1.2872611e-11
8629.540304526541 1.2911064e-11
8634.41732506845 1.273318e-11
8639.29434559902 1.27661865e-11
8644.171366118264 1.273799e-11
8649.04838662621 1.2628765e-11
8653.925407122868 1.2369093e-11
8658.80242760827 1.1511803e-11
8663.679448082432 1.1042361e-11
8668.556468545376 1.1817377e-11
8673.43348899712 1.2273809e-11
8678.310509437688 1.2400599e-11
8683.1875298671 1.2560219e-11
8688.064550285373 1.2063191e-11
8692.941570692534 1.2138219e-11
8697.818591088597 1.22918e-11
8702.69561147359 1.2529028e-11
8707.57263184752 1.25123046e-11
8712.449652210425 1.2600787e-11
8717.32667256231 1.2538651e-11
8722.203692903206 1.2559401e-11
8727.080713233127 1.264043e-11
8731.957733552095 1.2672171e-11
8736.83475386013 1.2649288e-11
8741.711774157251 1.2653861e-11
8746.588794443482 1.2747472e-11
8751.465814718835 1.2446847e-11
8756.34283498334 1.2464922e-11
8761.219855237005 1.26078184e-11
8766.096875479863 1.2543022e-11
8770.973895711924 1.244967e-11
8775.850915933212 1.2434389e-11
8780.727936143743 1.2575538e-11
8785.60495634354 1.26478385e-11
8790.481976532625 1.2634717e-11
8795.35899671101 1.2612606e-11
8800.23601687872 1.2556425e-11
8805.113037035771 1.210349e-11
8809.990057182187 1.2016105e-11
8814.86707731798 1.2368737e-11
8819.744097443181 1.2430865e-11
8824.621117557796 1.2110421e-11
8829.498137661853 1.2413543e-11
8834.375157755368 1.2613509e-11
8839.252177838358 1.2575545e-11
8844.129197910848 1.2604799e-11
8849.00621797285 1.2586136e-11
8853.88323802439 1.2679692e-11
8858.760258065478 1.2617202e-11
8863.637278096141 1.2658736e-11
8868.514298116394 1.2589511e-11
8873.391318126258 1.2498029e-11
8878.268338125747 1.2501232e-11
8883.145358114887 1.2553307e-11
8888.02237809369 1.2578064e-11
8892.899398062178 1.2536927e-11
8897.776418020365 1.2411793e-11
8902.653437968278 1.2534558e-11
8907.530457905928 1.2643579e-11
8912.407477833332 1.27544095e-11
8917.28449775052 1.2662163e-11
8922.161517657496 1.2647346e-11
8927.038537554288 1.2577776e-11
8931.91555744091 1.2746277e-11
8936.792577317381 1.2403914e-11
8941.66959718372 1.2289958e-11
8946.546617039943 1.22853e-11
8951.42363688607 1.2582341e-11
8956.300656722118 1.2676972e-11
8961.177676548106 1.2779196e-11
8966.05469636405 1.26395925e-11
8970.931716169971 1.2454817e-11
8975.80873596588 1.243228e-11
8980.685755751803 1.2469986e-11
8985.562775527755 1.25120695e-11
8990.439795293754 1.2543131e-11
8995.316815049813 1.2446788e-11
9000.193834795955 1.2312199e-11
9005.070854532196 1.2314538e-11
9009.947874258552 1.2195796e-11
9014.824893975043 1.1843041e-11
9019.701913681683 1.2174167e-11
9024.578933378496 1.2236635e-11
9029.455953065491 1.239387e-11
9034.332972742694 1.2478264e-11
9039.20999241011 1.2529638e-11
9044.087012067772 1.2542642e-11
9048.96403171568 1.2490401e-11
9053.841051353867 1.2551883e-11
9058.718070982342 1.2567766e-11
9063.595090601122 1.2416291e-11
9068.472110210227 1.2427278e-11
9073.349129809672 1.2448379e-11
9078.226149399474 1.25169415e-11
9083.10316897965 1.2305081e-11
9087.980188550217 1.1989515e-11
9092.857208111189 1.22181605e-11
9097.73422766259 1.2446544e-11
9102.61124720443 1.2496751e-11
9107.48826673673 1.2503228e-11
9112.365286259503 1.2425851e-11
9117.242305772765 1.2367289e-11
9122.119325276539 1.2553013e-11
9126.996344770836 1.27416844e-11
9131.873364255674 1.2768924e-11
9136.75038373107 1.2540086e-11
9141.627403197042 1.2283364e-11
9146.5044226536 1.21649e-11
9151.381442100768 1.2213223e-11
9156.258461538553 1.237013e-11
9161.135480966985 1.251075e-11
9166.012500386068 1.25334465e-11
9170.889519795826 1.2417384e-11
9175.766539196271 1.2432119e-11
9180.643558587419 1.2686496e-11
9185.520577969286 1.25574716e-11
9190.397597341891 1.2519102e-11
9195.27461670525 1.2554875e-11
9200.15163605937 1.2525591e-11
9205.028655404281 1.2230776e-11
9209.905674739988 1.2054867e-11
9214.782694066516 1.2121346e-11
9219.659713383871 1.2349833e-11
9224.536732692075 1.2400749e-11
9229.413751991142 1.23604495e-11
9234.290771281088 1.2221624e-11
9239.16779056193 1.2264762e-11
9244.04480983368 1.2403998e-11
9248.921829096358 1.233253e-11
9253.798848349976 1.2286791e-11
9258.675867594553 1.226077e-11
9263.5528868301 1.2275739e-11
9268.429906056637 1.2385627e-11
9273.306925274175 1.2169259e-11
9278.183944482736 1.207311e-11
9283.060963682328 1.2231157e-11
9287.937982872969 1.20012915e-11
9292.815002054675 1.1968915e-11
9297.692021227464 1.1974274e-11
9302.569040391345 1.2127077e-11
9307.446059546337 1.2156374e-11
9312.323078692458 1.2211941e-11
9317.200097829715 1.2237435e-11
9322.07711695813 1.2194279e-11
9326.954136077715 1.2188986e-11
9331.831155188489 1.2263752e-11
9336.70817429046 1.2249919e-11
9341.585193383646 1.2256325e-11
9346.462212468066 1.21321625e-11
9351.33923154373 1.2095905e-11
9356.216250610656 1.19900435e-11
9361.093269668854 1.182246e-11
9365.970288718345 1.1839353e-11
9370.847307759139 1.1821688e-11
9375.724326791254 1.1797958e-11
9380.6013458147 1.1838906e-11
9385.4783648295 1.1987748e-11
9390.355383835658 1.2128069e-11
9395.232402833197 1.2060148e-11
9400.109421822126 1.21613474e-11
9404.986440802464 1.2254399e-11
9409.863459774224 1.2167043e-11
9414.740478737416 1.1934022e-11
9419.617497692063 1.19089e-11
9424.494516638171 1.2046153e-11
9429.37153557576 1.1992234e-11
9434.248554504842 1.18583685e-11
9439.125573425432 1.1937698e-11
9444.002592337543 1.1918134e-11
9448.879611241191 1.1829852e-11
9453.756630136388 1.1890478e-11
9458.633649023148 1.1960211e-11
9463.510667901488 1.1810527e-11
9468.38768677142 1.1812147e-11
9473.26470563296 1.18113895e-11
9478.141724486119 1.1931769e-11
9483.018743330915 1.1830481e-11
9487.895762167356 1.18551184e-11
9492.772780995461 1.1732098e-11
9497.649799815243 1.1856088e-11
9502.526818626717 1.1863266e-11
9507.403837429893 1.1823734e-11
9512.280856224785 1.1998833e-11
9517.157875011411 1.2083527e-11
9522.034893789782 1.216067e-11
9526.911912559914 1.21143425e-11
9531.788931321817 1.2035741e-11
9536.665950075505 1.1998399e-11
9541.542968820992 1.1785485e-11
9546.419987558294 1.1668426e-11
9551.297006287425 1.1547947e-11
9556.174025008397 1.1576201e-11
9561.051043721222 1.1782244e-11
9565.928062425914 1.1854871e-11
9570.805081122486 1.18586235e-11
9575.682099810954 1.1721685e-11
9580.55911849133 1.1677223e-11
9585.436137163628 1.1525234e-11
9590.313155827862 1.1541708e-11
9595.190174484038 1.1522408e-11
9600.06719313218 1.1698189e-11
9604.944211772292 1.1848523e-11
9609.821230404395 1.191585e-11
9614.698249028499 1.1890992e-11
9619.575267644615 1.19836285e-11
9624.45228625276 1.203087e-11
9629.329304852943 1.1815479e-11
9634.20632344518 1.1687296e-11
9639.08334202948 1.1344968e-11
9643.960360605866 1.1171081e-11
9648.837379174336 1.1274369e-11
9653.714397734917 1.132632e-11
9658.591416287612 1.1331138e-11
9663.46843483244 1.13886175e-11
9668.34545336941 1.12932354e-11
9673.222471898538 1.1219639e-11
9678.099490419836 1.1206326e-11
9682.976508933312 1.1366459e-11
9687.853527438987 1.15173366e-11
9692.730545936867 1.1583995e-11
9697.607564426971 1.16264914e-11
9702.484582909301 1.1509556e-11
9707.361601383882 1.1404563e-11
9712.238619850717 1.1363734e-11
9717.115638309828 1.1445536e-11
9721.992656761216 1.1310605e-11
9726.869675204905 1.1208885e-11
9731.746693640898 1.1133125e-11
9736.623712069213 1.13642715e-11
9741.50073048986 1.12883565e-11
9746.377748902854 1.1185324e-11
9751.254767308208 1.12263445e-11
9756.131785705928 1.1369752e-11
9761.008804096035 1.12806995e-11
9765.88582247853 1.1419031e-11
9770.762840853437 1.1177295e-11
9775.639859220762 1.1142902e-11
9780.516877580521 1.1222542e-11
9785.39389593272 1.11195515e-11
9790.270914277378 1.11794775e-11
9795.147932614504 1.1471784e-11
9800.02495094411 1.1689383e-11
9804.901969266204 1.1626843e-11
9809.778987580805 1.1403409e-11
9814.656005887924 1.1250698e-11
9819.533024187569 1.1232732e-11
9824.41004247976 1.1352348e-11
9829.287060764493 1.13593e-11
9834.164079041799 1.1406071e-11
9839.04109731168 1.1422489e-11
9843.918115574144 1.1573774e-11
9848.795133829211 1.1446039e-11
9853.672152076892 1.1516823e-11
9858.549170317194 1.1503023e-11
9863.426188550133 1.1512426e-11
9868.303206775718 1.1489477e-11
9873.18022499396 1.1468517e-11
9878.057243204876 1.149924e-11
9882.93426140847 1.1383557e-11
9887.811279604763 1.12893705e-11
9892.688297793755 1.1223733e-11
9897.56531597547 1.09099466e-11
9902.442334149911 1.0958009e-11
9907.319352317092 1.08855555e-11
9912.196370477024 1.097172e-11
9917.073388629722 1.1027969e-11
9921.950406775191 1.1088277e-11
9926.827424913448 1.10477886e-11
9931.704443044506 1.1089615e-11
9936.581461168367 1.1092116e-11
9941.458479285053 1.1108316e-11
9946.335497394568 1.1306379e-11
9951.212515496927 1.1161744e-11
9956.089533592141 1.1359388e-11
9960.966551680218 1.1080531e-11
9965.843569761177 1.1111505e-11
9970.720587835018 1.1077961e-11
9975.597605901763 1.0811332e-11
9980.474623961416 1.0866693e-11
9985.351642013993 1.1153251e-11
9990.2286600595 1.1213555e-11
9995.105678097952 1.1270941e-11
9999.98269612936 1.117654e-11
10004.859714153736 1.1203947e-11
10009.736732171084 1.1294521e-11
10014.613750181425 1.1021826e-11
10019.490768184764 1.0809715e-11
10024.36778618111 1.07571365e-11
10029.244804170481 1.0856065e-11
10034.121822152882 1.0793394e-11
10038.99884012833 1.0935094e-11
10043.875858096826 1.1062814e-11
10048.75287605839 1.1140852e-11
10053.629894013027 1.1124346e-11
10058.506911960752 1.09081685e-11
10063.383929901576 1.0889794e-11
10068.260947835508 1.0919879e-11
10073.137965762557 1.1076298e-11
10078.014983682737 1.12224865e-11
10082.892001596054 1.1127868e-11
10087.769019502524 1.125647e-11
10092.646037402155 1.1559413e-11
10097.523055294958 1.1096832e-11
10102.400073180943 1.1236033e-11
10107.277091060121 1.1172603e-11
10112.154108932506 1.12940855e-11
10117.031126798101 1.1158621e-11
10121.908144656925 1.0696999e-11
10126.785162508982 1.0842741e-11
10131.662180354286 1.0869736e-11
10136.539198192846 1.0637436e-11
10141.416216024672 1.0655658e-11
10146.293233849778 1.0847968e-11
10151.170251668169 1.0854338e-11
10156.047269479861 1.08124195e-11
10160.924287284857 1.07443394e-11
10165.801305083176 1.0990449e-11
10170.678322874819 1.0876698e-11
10175.555340659806 1.0982667e-11
10180.432358438142 1.084667e-11
10185.309376209834 1.0984103e-11
10190.1863939749 1.0974941e-11
10195.063411733343 1.11418045e-11
10199.940429485181 1.1257681e-11
