#wave(A)        trans
3676.0036710367594    0.002343299072606299
3677.003672035408    0.002358636838187673
3678.003673034058    0.0023691090964132705
3679.003674032708    0.002359983460269543
3680.0036750313575    0.0023608381560385463
3682.0036770286565    0.002379027936927481
3683.003678027308    0.0023918593180338272
3684.003679025957    0.0023696267686199395
3685.0036800246066    0.002408777204054029
3686.003681023257    0.0023855159085013167
3688.003683020556    0.002391769155234545
3689.003684019206    0.0023472178083379326
3690.003685017856    0.0023989892781030135
3691.003686016506    0.002330918559224514
3693.0036880138055    0.0023802554226900565
3694.0036890124547    0.0024141982697534004
3695.0036900111045    0.0023875871003552597
3696.003691009755    0.0023771118336735897
3698.0036930070546    0.0023680272640462753
3699.0036940057043    0.002403764146626408
3700.003695004354    0.0023383733897991174
3701.003696003004    0.002416619808361704
3703.003698000304    0.002350501034624017
3704.0036989989535    0.0023498666414599684
3705.0036999976032    0.002315867503611924
3706.003700996253    0.00236258668465794
3707.0037019949023    0.002326048132603255
3709.0037039922026    0.0023572580668998265
3710.0037049908533    0.0023652883130801322
3711.003705989502    0.0023619533537196412
3712.0037069881523    0.0023493196625691197
3714.0037089854513    0.0023482738223016756
3715.003709984102    0.0023394382674657784
3716.003710982752    0.0023040412475507427
3717.003711981401    0.0023099100039595546
3719.0037139787005    0.0022438122585954254
3720.003714977351    0.0022690805286775476
3721.0037159759995    0.0022969213417995717
3722.00371697465    0.0022480182980533035
3723.003717973301    0.002271733308651725
3725.0037199706    0.002245112885254433
3726.0037209692496    0.0022341729962794673
3727.003721967899    0.002209168162988323
3728.00372296655    0.002244301525716002
3730.003724963849    0.002223797787539201
3731.0037259624987    0.002207046927946594
3732.003726961148    0.0022107330985544314
3733.003727959799    0.0022173293502430287
3735.003729957098    0.0022160068682681457
3736.0037309557483    0.002177923721175625
3737.0037319543967    0.0022274035734718436
3738.003732953048    0.0021444423747653467
3740.003734950347    0.002165534817863138
3741.003735948997    0.002131300032343932
3742.003736947647    0.0021502896552670655
3743.003737946297    0.002151926121793016
3745.003739943596    0.0021260888066528864
3746.003740942246    0.0021062489103693396
3747.0037419408955    0.002110641916715121
3748.0037429395456    0.002086038779636156
3749.0037439381963    0.0020782082942701354
3751.0037459354953    0.0020474822491219993
3752.0037469341446    0.0020440608771531946
3753.003747932795    0.0020349961322532885
3754.0037489314436    0.002057218634981729
3756.0037509287445    0.002019081402712621
3757.0037519273938    0.0020242567778017244
3758.0037529260435    0.002039256701432092
3759.0037539246937    0.002038301484139157
3761.0037559219936    0.0020343517123709415
3762.0037569206434    0.002004966235396539
3763.0037579192935    0.002011387447196653
3764.003758917943    0.0019942974463000984
3766.0037609152423    0.0020108583289488503
3767.003761913892    0.002004708813614003
3768.0037629125427    0.0019982058826186425
3769.003763911192    0.001946771982351219
3771.003765908492    0.0019325154219112974
3772.003766907141    0.0019452083471248089
3773.0037679057923    0.001966519491192832
3774.003768904441    0.001958210222047849
3775.0037699030913    0.0020054180478141755
3777.0037719003903    0.001959390040906684
3778.003772899041    0.0019539818292224256
3779.00377389769    0.001952019018546823
3780.00377489634    0.0019378569058928214
3782.00377689364    0.00197537838675952
3783.00377789229    0.0019437028584941992
3784.0037788909394    0.0019556161490060908
3785.003779889589    0.0019529612351961618
3787.0037818868877    0.001973035522023482
3788.0037828855393    0.0019392257122092479
3789.0037838841886    0.0019039509218991952
3790.0037848828383    0.0019337244407094587
3792.0037868801373    0.001871034228208932
3793.003787878788    0.0018754746895162321
3794.0037888774377    0.0018695921890313294
3795.0037898760884    0.001838298896093845
3797.003791873387    0.0018742449664227588
3798.003792872037    0.0018499834742656807
3799.0037938706873    0.0018221112604129342
3800.0037948693357    0.0018284735135068314
3802.003796866636    0.0017692282055812147
3803.003797865287    0.001776874811318429
3804.003798863936    0.001779652771186138
3805.0037998625858    0.0017807714987931546
3807.003801859885    0.0017864549883833138
3808.003802858536    0.00174216957953348
3809.003803857185    0.001743031819319106
3810.003804855835    0.0017663394606948297
3812.003806853134    0.0017427198880336629
3813.003807851785    0.0017612140874290448
3814.003808850434    0.0017045270445361926
3815.003809849084    0.0017678075472444
3817.0038118463835    0.0017040600057203555
3818.0038128450337    0.00177342968086995
3819.003813843683    0.0017185060210535542
3820.0038148423328    0.001747866697559828
3822.0038168396327    0.0017302414341851407
3823.003817838283    0.0017486401265086559
3824.003818836932    0.0017643195260406738
3825.0038198355824    0.0017121327384439732
3827.003821832882    0.0017139982174496798
3828.0038228315325    0.0017284908355925648
3829.0038238301813    0.0017269712846642847
3830.003824828832    0.0017122918208997435
3831.0038258274813    0.0017209146460779713
3833.0038278247816    0.0017037423792168032
3834.003828823431    0.0016670313111067315
3835.0038298220807    0.0016572245793415145
3836.0038308207304    0.001664832972666986
3838.0038328180303    0.001638046436344029
3839.00383381668    0.0016226444739041728
3840.00383481533    0.0016159745386545678
3841.00383581398    0.0016022608287250795
3843.00383781128    0.0016262763038340817
3844.0038388099288    0.0015789458172480637
3845.0038398085785    0.0016071525873649348
3846.003840807229    0.001605593321065026
3848.0038428045286    0.0016301830417920855
3849.003843803178    0.0016126669350778632
3850.0038448018277    0.0016362796611442672
3851.003845800478    0.0016338988147012498
3853.003847797778    0.0016584176019724982
3854.0038487964275    0.0016636150649065784
3855.0038497950773    0.0016656131949448491
3856.003850793727    0.001679051583512477
3858.003852791026    0.0017026664270572394
3859.003853789676    0.0016503975746806237
3860.0038547883264    0.0016654407970413021
3861.003855786976    0.0016726988737773112
3863.003857784276    0.001694407153647607
3864.0038587829254    0.0016792262285548363
3865.003859781575    0.0017027899562559042
3867.003861778875    0.0017151631725071735
3868.0038627775252    0.001684019380163145
3869.003863776175    0.0016724288014016188
3870.003864774824    0.0016655833031052772
3872.003866772124    0.0016632410601850555
3873.0038677707753    0.0016385189367625922
3874.0038687694237    0.0016594683657453198
3875.003869768074    0.0016600351457709427
3877.003871765373    0.001699762174017208
3878.003872764023    0.0016416215571247636
3879.003873762673    0.0017037733534979635
3880.003874761323    0.0016743291172050445
3882.003876758622    0.0017010241194116318
3883.0038777572718    0.0017081297950449306
3884.0038787559215    0.0016940578528192101
3885.003879754572    0.0016981390740848845
3887.003881751871    0.0017004714572625827
3888.003882750522    0.0016983431138449198
3889.003883749171    0.001683413671238176
3890.003884747821    0.0017000285576994247
3892.00388674512    0.0017012917116260068
3893.003887743771    0.0017227890356338066
3894.0038887424203    0.001688368851204946
3895.00388974107    0.0017079060629118334
3897.003891738369    0.0017002667181692222
3898.00389273702    0.0016942220452025088
3899.0038937356694    0.0016809055258775823
3900.00389473432    0.001668536434798473
3902.0038967316186    0.001655546131799916
3903.003897730269    0.0016686606261870403
3904.003898728918    0.0016679839569920393
3905.003899727568    0.0016625460430600254
3907.003901724868    0.0016546409529143104
3908.003902723518    0.0016648001365067778
3909.003903722168    0.001668047105720904
3910.0039047208165    0.0016540724756282123
3912.003906718117    0.0016524358292057185
3913.003907716768    0.001645210516032731
3914.003908715417    0.0016395429876877722
3916.003910712717    0.0016556893830964546
3917.0039117113656    0.001631914672540621
3918.0039127100163    0.001655587167979929
3919.003913708666    0.0016349774498012827
3921.0039157059655    0.0016677145198194772
3922.003916704615    0.001666960933927902
3923.0039177032654    0.0016706147139319567
3924.0039187019142    0.0016637523221292242
3926.003920699215    0.0016489662823431447
3927.0039216978644    0.0016514184049320796
3928.0039226965146    0.0016451278717747148
3929.003923695164    0.0016612865457379345
3931.0039256924642    0.0016337312243581777
3932.0039266911135    0.0016703718374091962
3933.003927689764    0.0016297555499560758
3934.003928688413    0.0016537442130278802
3936.003930685713    0.0016601652700715783
3937.003931684362    0.0016794982369073173
3938.0039326830133    0.0016684444967124746
3940.003934680312    0.0016198943316580088
3941.003935678962    0.0016801857298518702
3942.003936677612    0.0016462066792466569
3943.003937676262    0.0016840511927072137
3945.0039396735615    0.0016755159685495162
3946.003940672212    0.0016581334193053647
3947.0039416708605    0.001658130961362005
3948.003942669511    0.0016628754213938214
3950.0039446668097    0.0016635164519929024
3951.0039456654604    0.0016426789423830477
3952.00394666411    0.0016529908308495587
3953.00394766276    0.001652375558586787
3955.0039496600602    0.0016337865963679816
3956.003950658709    0.00168341000728095
3957.0039516573593    0.001632155053467143
3959.003953654659    0.0016659421283597858
3960.003954653309    0.0016388963804469358
3961.003955651959    0.0016846423160682708
3962.003956650608    0.001623112877152752
3964.0039586479083    0.0016759953509417954
3965.003959646558    0.0016608712273302577
3966.003960645208    0.0016867733283197673
3967.003961643857    0.0016971846893145508
3969.003963641157    0.0017282824649567366
3970.003964639807    0.0017093065981228118
3971.003965638457    0.001717410220253594
3973.003967635757    0.0017090007377825289
3974.003968634406    0.0017017073530141663
3975.003969633056    0.0017491498183804413
3976.0039706317057    0.0017011769924407895
3978.003972629006    0.0017642229747546682
3979.003973627656    0.0017196590731016175
3980.0039746263046    0.0017946871505267353
3981.0039756249553    0.0017607817075697126
3983.0039776222548    0.0017826284728631385
3984.003978620904    0.0017604562400043993
3985.0039796195547    0.001778368152385933
3987.0039816168537    0.0017829219690534536
3988.0039826155044    0.0017786371088483529
3989.003983614153    0.0018284628891132337
3990.0039846128034    0.0017871371549551941
3992.003986610103    0.0018453144292429123
3993.0039876087535    0.0018092102810375549
3994.003988607403    0.0018609315349610548
3995.0039896060525    0.0018367660591908802
3997.003991603352    0.0018604582913418883
3998.0039926020027    0.0018648803781905637
3999.003993600652    0.0018749239466847685
4001.0039955979523    0.001918017915347615
4002.0039965966007    0.0018911345989371798
4003.0039975952513    0.0019377127769942394
4004.003998593901    0.0019292154638918375
4006.004000591201    0.001972027671883359
4007.0040015898503    0.001984466817068567
4008.0040025885005    0.0020063623205671677
4010.0040045857995    0.0020497367033450375
4011.00400558445    0.002046241187362178
4012.0040065831    0.0020506303558265305
4013.0040075817496    0.0020967337572763904
4015.004009579049    0.0021239801204469204
4016.004010577699    0.0021833043734020793
4017.004011576348    0.0021918434876640426
4019.004013573648    0.002244064525286709
4020.0040145722983    0.0022533889743578147
4021.004015570948    0.0022991854976321807
4022.004016569597    0.002286674559951975
4024.0040185668977    0.0023395595076290752
4025.0040195655483    0.002381857578993808
4026.0040205641967    0.0023997910948746755
4027.0040215628474    0.0024235433540275774
4029.004023560146    0.0024740861566983864
4030.004024558796    0.0024697506376583278
4031.004025557447    0.0025056174439520816
4033.004027554746    0.002557698083992198
4034.004028553396    0.002577461880319904
4035.0040295520457    0.00259411910182038
4036.0040305506955    0.0026447945944039577
4038.0040325479963    0.0027316204706531607
4039.0040335466447    0.0027356045793867417
4040.004034545295    0.0027546120786435657
4042.004036542594    0.0028501912557737513
4043.0040375412436    0.0028584929920117737
4044.0040385398943    0.0029032721467433464
4045.004039538544    0.0029668779712041966
4047.004041535843    0.003056943401682697
4048.0040425344937    0.0031418335724504253
4049.004043533143    0.003167747006169845
4051.0040455304434    0.003338821184206949
4052.004046529093    0.003366948967192306
4053.004047527743    0.0035095936191746908
4055.004049525042    0.0036749198231940854
4056.004050523692    0.0037909892739995303
4057.004051522342    0.003862160244356772
4058.004052520992    0.003975841047066179
4060.004054518291    0.004307131604429846
4061.004055516941    0.004469785459660052
4062.0040565155905    0.004695244378911946
4064.004058512891    0.005123081967396655
4065.004059511541    0.005383448662548259
4066.0040605101904    0.005606811095255937
4067.00406150884    0.005956617593242044
4069.0040635061396    0.00667747315112012
4070.0040645047898    0.00714841321763918
4071.00406550344    0.007583694517608591
4073.0040675007394    0.008779698627832773
4074.0040684993887    0.00940071421025162
4075.004069498039    0.010238634961928979
4077.0040714953384    0.012048517329774843
4078.0040724939886    0.013046450805156548
4079.004073492638    0.014198071189352839
4080.0040744912876    0.015621885716606158
4082.004076488587    0.018598922012271507
4083.0040774872377    0.020237397784451785
4084.004078485887    0.0221953824274414
4086.004080483187    0.026727833132284176
4087.0040814818362    0.029262178261267778
4088.0040824804873    0.0320524874910803
4089.0040834791357    0.03513736059897974
4091.004085476436    0.04171050219104486
4092.004086475085    0.04543761034666339
4093.004087473736    0.049481630538107425
4095.004089471035    0.05800091747975036
4096.004090469685    0.06247565880405062
4097.004091468335    0.06725930838147241
4099.004093465634    0.07783657966314343
4100.004094464284    0.08309435692541449
4101.004095462934    0.08906238195178029
4103.004097460233    0.101309870465724
4104.004098458884    0.10767384427924062
4105.004099457534    0.11449064991084779
4106.004100456184    0.12153205331099624
4108.004102453483    0.13614479024966727
4109.004103452133    0.144054666987122
4110.0041044507825    0.15226377090175153
4112.004106448082    0.1698018510039981
4113.004107446732    0.17913785340087665
4114.0041084453815    0.18979756013055313
4116.004110442682    0.21054012977172795
4117.004111441331    0.2223875980925569
4118.004112439981    0.23346262718196334
4119.004113438631    0.24681387156759238
4121.0041154359305    0.2727355287754414
4122.00411643458    0.2874929011440697
4123.004117433231    0.3022865257986967
4125.00411943053    0.33239014912781856
4126.00412042918    0.34868196295351284
4127.004121427829    0.3649331477840124
4129.004123425129    0.39811326246788004
4130.004124423779    0.41474251160983716
4131.004125422429    0.43189767759719183
4133.004127419728    0.46431379270735684
4134.004128418378    0.4807470187849654
4135.004129417028    0.49652145052678875
4137.004131414328    0.5267569519643737
4138.004132412978    0.5410627083133835
4139.004133411628    0.554842672825861
4140.004134410277    0.567678611421553
4142.004136407577    0.5913617251913003
4143.0041374062275    0.6017112979197418
4144.004138404876    0.6114544011832753
4146.004140402176    0.6287064239129033
4147.004141400826    0.6361441573205608
4148.004142399476    0.6422470527232009
4150.004144396777    0.6536923397772169
4151.004145395425    0.6572713869441547
4152.004146394075    0.6612342400090293
4154.004148391376    0.6672162477130096
4155.004149390025    0.6696744912471833
4156.004150388675    0.6718305832024735
4158.004152385975    0.6745805426660361
4159.004153384623    0.675846268913844
4160.004154383274    0.6766316082520676
4162.004156380573    0.6785570975240197
4163.004157379224    0.6793155793359964
4164.004158377873    0.6798883071358559
4166.004160375172    0.6817830472858816
4167.004161373822    0.6825544315961742
4168.004162372473    0.6840548241192106
4170.004164369772    0.6863920087509575
4171.004165368422    0.6880352981243201
4172.004166367071    0.6898704026067188
4173.0041673657215    0.6916919250392111
4175.004169363021    0.6956231345841757
4176.004170361672    0.6981184873795641
4177.0041713603205    0.7001172353299875
4179.00417335762    0.7061393649005245
4180.004174356271    0.7087611687414314
4181.00417535492    0.7120997577041522
4183.004177352221    0.717625654059054
4184.00417835087    0.7209089809508887
4185.00417934952    0.7232380154096861
4187.004181346819    0.7292626651435566
4188.004182345469    0.731901717451137
4189.004183344119    0.7345067593979941
4191.004185341419    0.7390156972968571
4192.0041863400675    0.7410127608208457
4193.004187338718    0.742944856023114
4195.004189336018    0.74596311484202
4196.004190334668    0.7471632294977116
4197.004191333317    0.7483914935110155
4199.0041933306165    0.7484733375512421
4200.004194329266    0.7497970598061502
4201.004195327917    0.7492342299769851
4203.004197325216    0.7489994030211619
4204.004198323866    0.7474799086758985
4205.004199322516    0.7474737089404012
4207.004201319815    0.7442763693135693
4208.004202318466    0.7440558771589599
4209.004203317116    0.7422295374230239
4211.004205314415    0.7393121454933673
4212.004206313064    0.7373462250465149
4213.004207311714    0.736385222617726
4215.004209309014    0.7326676306496697
4216.004210307664    0.7319013894873092
4217.004211306314    0.7299396565178398
4219.004213303613    0.727278579500721
4220.004214302263    0.7254514127706977
4222.004216299563    0.723460140408279
4223.004217298213    0.7222764737320002
4224.004218296863    0.7217214994496324
4226.004220294162    0.7204443321485118
4227.004221292812    0.7199251107477769
4228.0042222914635    0.7199277116782098
4230.004224288761    0.7196832102574324
4231.004225287412    0.7198934546087458
4232.004226286061    0.7200219021750102
4234.004228283361    0.7204398643485902
4235.004229282011    0.7202993383785116
4236.0042302806605    0.7207937393179937
4238.004232277961    0.7212502485578368
4239.00423327661    0.7213156297924574
4240.00423427526    0.7226434121958679
4242.004236272559    0.7229851477309309
4243.00423727121    0.7237214840232246
4244.004238269859    0.7240552345235709
4246.004240267159    0.7249805931311973
4247.004241265808    0.7252721211293016
4248.004242264459    0.7258547833709418
4250.004244261758    0.7264167227280566
4251.004245260408    0.7259925739902139
4253.004247257708    0.7267610221999985
4254.004248256358    0.7269184477168279
4255.004249255008    0.7273327593410768
4257.004251252307    0.7279073953038588
4258.004252250957    0.7275752310850095
4259.004253249606    0.7284046781344682
4261.004255246907    0.7281258307635886
4262.004256245556    0.7286335719814592
4263.004257244206    0.7285182238613848
4265.004259241505    0.7289176906617918
4266.004260240155    0.7288155144907095
4267.004261238805    0.7289615423814875
4269.004263236105    0.7297141124465307
4270.004264234754    0.7294062192404813
4272.004266232054    0.7305120376347162
4273.0042672307045    0.7304147701867441
4274.004268229354    0.7312672362270467
4276.004270226654    0.7317701694460346
4277.0042712253035    0.7326233431479658
4278.004272223953    0.7328211951460848
4280.004274221254    0.7339482304186222
4281.004275219903    0.734744479455264
4282.004276218552    0.7350963784021843
4284.004278215852    0.7368819195627272
4285.004279214501    0.7372215595931848
4287.004281211802    0.738991212358915
4288.0042822104515    0.7398040181461123
4289.004283209101    0.7404826918327203
4291.004285206401    0.7421263113041794
4292.00428620505    0.7425216581299197
4293.004287203701    0.7435818212078794
4295.004289201    0.7444092318970879
4296.00429019965    0.745988233625897
4298.00429219695    0.747156142074693
4299.0042931955995    0.7485822731311629
4300.004294194249    0.7486516341904155
4302.004296191549    0.750342581657566
4303.004297190199    0.7508832354089527
4304.004298188849    0.751919457158831
4306.004300186149    0.7527460685874655
4307.004301184798    0.7535988562693839
4309.004303182098    0.7542927846056104
4310.0043041807485    0.7547931004269341
4311.004305179396    0.7548751572025181
4313.004307176698    0.7564673415142922
4314.0043081753465    0.7560981883714055
4315.004309173997    0.7570788858722381
4317.004311171296    0.756971544914447
4318.0043121699455    0.7573965857282168
4320.004314167246    0.7569867152930955
4321.004315165896    0.75741893278768
4322.004316164545    0.7573224196313153
4324.004318161845    0.7575865844076608
4325.004319160495    0.757340089522841
4327.004321157794    0.7576316262127188
4328.004322156445    0.7578234894711862
4329.004323155094    0.7575847634510238
4331.004325152394    0.7581354796980664
4332.004326151044    0.757565234126978
4333.004327149694    0.7580575119224393
4335.004329146993    0.7572588829025337
4336.0043301456435    0.757469972157067
4338.004332142943    0.7572472281975657
4339.004333141593    0.7575733777660641
4340.0043341402425    0.7574935806047127
4342.004336137542    0.7568015242140852
4343.004337136192    0.7570091381650906
4345.004339133491    0.7562570510319455
4346.004340132142    0.7561947478866397
4347.004341130791    0.7554889979427056
4349.004343128091    0.7542181677130949
4350.004344126741    0.7534258423753348
4352.00434612404    0.7517864994144351
4353.004347122691    0.7512277363704697
4354.00434812134    0.7499625585210513
4356.00435011864    0.7480654546289742
4357.004351117289    0.7470462069947166
4359.004353114589    0.7450162833986633
4360.004354113239    0.7432123048722316
4361.004355111889    0.7418864911634255
4363.004357109188    0.7391265941938465
4364.004358107838    0.7377224843789533
4366.004360105138    0.7348783618278711
4367.004361103788    0.7333552429213
4368.004362102438    0.7319474882487839
4370.004364099737    0.7295020754168151
4371.004365098387    0.7273046826515475
4373.0043670956875    0.724076715591523
4374.004368094336    0.7227802945310876
4376.004370091636    0.7196899281501201
4377.004371090285    0.7182185801505838
4378.004372088936    0.7171187218502266
4380.004374086237    0.7141377539643697
4381.0043750848845    0.7132649762075517
4383.004377082185    0.7104932130123569
4384.004378080834    0.7093121834465399
4385.004379079484    0.7085192489041916
4387.004381076784    0.7072848832854509
4388.004382075434    0.7065050038488421
4390.004384072734    0.706041070929166
4391.004385071384    0.7047006505294329
4393.004387068684    0.7055477131414243
4394.004388067333    0.705051394565689
4395.004389065983    0.7063816234182404
4397.004391063282    0.7062349379918204
4398.004392061933    0.7081975590451297
4400.004394059232    0.7079113714615578
4401.004395057882    0.7094657495428983
4403.0043970551815    0.7110935370546557
4404.004398053831    0.711502552332075
4405.004399052481    0.7121105782313201
4407.004401049781    0.7140180462449978
4408.004402048431    0.7151601994381547
4409.00440304708    0.7174581314637957
4411.004405044379    0.7195124309230071
4412.00440604303    0.720747124553708
4414.0044080403295    0.72426490728522
4415.004409038979    0.7247634126974746
4416.004410037629    0.7266344495519554
4418.004412034929    0.7289307723674101
4419.004413033579    0.7313493664844912
4420.004414032229    0.7326429823689593
4422.004416029528    0.736273935687509
4423.004417028178    0.7368327019075254
4424.004418026827    0.7383342166866252
4426.004420024128    0.7412466119361771
4427.004421022777    0.7426761353554711
4428.004422021428    0.7448095822626962
4430.004424018727    0.7463606744962364
4431.004425017377    0.7473859793101006
4432.004426016027    0.7489508428539757
4434.004428013326    0.750512666865757
4435.004429011976    0.7509407066036843
4436.004430010626    0.750594983605351
4438.004432007926    0.7517144877134168
4439.004433006575    0.7520708189940496
4441.004435003875    0.7519190933619222
4442.004436002524    0.7525451852443974
4443.004437001175    0.7514977135127071
4445.004438998474    0.752016188256105
4446.004439997124    0.7507483535268352
4447.004440995773    0.7503248682914
4449.004442993073    0.7491262307067243
4450.004443991723    0.748871676954498
4451.004444990373    0.7486303417549575
4453.004446987673    0.7474292074448708
4454.004447986322    0.7458440001116652
4455.004448984972    0.7454303704042983
4457.004450982272    0.7433382249050242
4458.004451980922    0.7425525681017489
4460.004453978221    0.7416721419373062
4461.004454976872    0.7398479023377057
4462.004455975521    0.7395383245910704
4464.004457972821    0.738071996571141
4465.004458971471    0.7374707156140329
4466.0044599701205    0.7369437171035305
4468.00446196742    0.735995207310905
4469.00446296607    0.7342637078589147
4470.00446396472    0.7341746201153717
4472.004465962019    0.7325667432491557
4473.00446696067    0.7325326465112995
4475.004468957969    0.7309378148666977
4476.004469956619    0.7303080873514816
4477.004470955269    0.7305505569974164
4479.004472952568    0.7299883591005406
4480.004473951218    0.7285219815615952
4481.0044749498675    0.728778713533019
4483.004476947168    0.7278932166072085
4484.004477945818    0.7277411432145973
4485.004478944467    0.7274950950227199
4487.004480941767    0.7269774319662105
4488.004481940417    0.7263390300691742
4489.004482939066    0.7263082281264905
4491.004484936367    0.7254462326169736
4492.004485935016    0.7249291517589884
4494.004487932315    0.7248531550976975
4495.004488930965    0.7253084127601928
4496.004489929615    0.7248349965916883
4498.004491926915    0.7248112886932715
4499.004492925565    0.7249212127282271
4500.004493924214    0.7246226451740063
4502.004495921514    0.7245842828011203
4503.0044969201645    0.7246077914673485
4505.004498917464    0.7243108273364053
4506.004499916114    0.7241729218167535
4507.0045009147625    0.7253772222182016
4509.004502912063    0.7247356705895198
4510.004503910713    0.7251288863103483
4511.004504909362    0.7260152860225418
4513.004506906663    0.7263135514925794
4514.004507905312    0.7264615894331542
4515.004508903961    0.7262799876303706
4517.004510901261    0.7262517718051923
4518.004511899911    0.7270729513098939
4520.004513897211    0.727391998735677
4521.004514895861    0.7282969085523903
4522.00451589451    0.7278089813806943
4524.00451789181    0.7290437721173684
4525.0045188904605    0.7305645449627177
4526.00451988911    0.7297791183873529
4528.00452188641    0.731596467889665
4529.0045228850595    0.7309229306456749
4531.004524882359    0.7332723316834281
4532.004525881009    0.7327121055446751
4533.004526879659    0.7328210834184309
4535.004528876958    0.7339245085247439
4536.004529875609    0.7349845420643649
4537.004530874257    0.7354222925852394
4539.004532871558    0.7375698238080328
4540.0045338702075    0.7369024025084772
4542.004535867507    0.7388048000345327
4543.004536866158    0.7393327520290259
4544.0045378648065    0.7398862936234802
4546.004539862107    0.7406470563541835
4547.004540860756    0.7411334165963325
4548.004541859406    0.7418626682158096
4550.004543856706    0.7432447147255731
4551.004544855356    0.7435021215920897
4553.004546852656    0.7449699186569332
4554.004547851305    0.7459667211621095
4555.0045488499545    0.7472138480149949
4557.004550847254    0.7476584193667241
4558.004551845905    0.7488159269167604
4560.004553843204    0.7492143345609229
4561.004554841854    0.7500584422220041
4562.004555840503    0.7514207184242653
4564.004557837803    0.7508341977790887
4565.004558836453    0.7532845467960154
4566.004559835103    0.7530148283137775
4568.004561832402    0.7548490789186878
4569.004562831053    0.7540124920285467
4571.004564828352    0.7560450738807052
4572.004565827002    0.7550105185111781
4573.004566825652    0.7552814636119277
4575.004568822951    0.7550096046884859
4576.004569821602    0.7553402415740356
4578.004571818901    0.7550387406071657
4579.004572817551    0.7557774045481636
4580.0045738162    0.7560599330482709
4582.0045758135    0.7555112888346962
4583.004576812151    0.7568217650437432
4584.0045778108    0.7555452882685125
4586.0045798081    0.7564099036149606
4587.004580806749    0.7547603660291574
4589.004582804049    0.7555459774640833
4590.004583802699    0.7544427798633458
4591.004584801349    0.7540284299010609
4593.004586798649    0.7527991751622306
4594.004587797298    0.7536673488878326
4596.004589794598    0.7516436745761967
4597.004590793247    0.7529203522472683
4598.004591791898    0.752008842402061
4600.004593789197    0.7516227134358706
4601.004594787847    0.7508673126984067
4603.004596785147    0.7497760419841397
4604.004597783796    0.7494655992875079
4605.004598782446    0.7488794943574034
4607.0046007797455    0.7485030456162618
4608.004601778396    0.7482684007213104
4610.004603775696    0.7469493091765989
4611.004604774345    0.7465040337551884
4612.004605772994    0.7457969194947051
4614.004607770295    0.7449129055136376
4615.004608768944    0.7446901607404519
4616.004609767595    0.7444138168234034
4618.004611764894    0.744231314216251
4619.004612763544    0.7437474604077775
4621.004614760843    0.7433826874482468
4622.004615759493    0.7429456401311071
4623.004616758144    0.7422949863426196
4625.004618755443    0.7420121990110293
4626.004619754093    0.7416982208269699
4628.004621751393    0.7413641108410531
4629.0046227500425    0.7410031803581191
4631.004624747342    0.741010260331853
4632.004625745991    0.7408542864513368
4633.004626744641    0.7407697431462517
4635.004628741941    0.7406735299934893
4636.004629740591    0.7410093955745909
4638.00463173789    0.7404816274679866
4639.00463273654    0.7409964199413407
4640.00463373519    0.741120404054947
4642.00463573249    0.740807994365988
4643.00463673114    0.7414556624585449
4645.004638728439    0.7413808523427466
4646.004639727089    0.7416465373805993
4647.004640725738    0.7418376570182155
4649.004642723039    0.7417697169702088
4650.004643721688    0.7415869553622194
4652.004645718988    0.7418326150221604
4653.004646717638    0.7410400269396749
4654.004647716287    0.7413185174382444
4656.004649713588    0.7407326601590468
4657.004650712237    0.7415172552401921
4659.004652709537    0.7407971126535728
4660.004653708185    0.7413531754672157
4661.004654706837    0.7417050817903289
4663.004656704135    0.741041165966431
4664.004657702786    0.7404868410342433
4666.004659700085    0.7403506133301745
4667.004660698735    0.7395044641946348
4669.004662696035    0.7397021783654254
4670.0046636946845    0.7393016547494163
4671.004664693335    0.7395459719355871
4673.004666690634    0.7391505381083758
4674.004667689284    0.7389001954987935
4676.004669686584    0.7380904988356631
4677.004670685234    0.7384375367252586
4678.004671683884    0.7384558755328058
4680.004673681183    0.7375824987894892
4681.004674679833    0.7374568127522837
4683.004676677133    0.7362321164447274
4684.004677675783    0.7357274269228777
4686.004679673082    0.7354428138259134
4687.004680671731    0.7348794735685958
4688.0046816703825    0.73482796045505
4690.004683667681    0.7345105828604455
4691.004684666331    0.7346211063952534
4693.004686663631    0.7340196812794526
4694.004687662281    0.7344221206075827
4696.004689659581    0.7332430569602113
4697.00469065823    0.7345775068666499
4698.00469165688    0.7345782104474115
4700.004693654179    0.7351598213473758
4701.00469465283    0.7351763369010691
4703.0046966501295    0.7359432228260205
4704.004697648778    0.7350014716273877
4706.004699646079    0.7366954222504958
4707.0047006447285    0.7363594995220875
4708.004701643378    0.737388651543467
4710.004703640678    0.7382395456551911
4711.004704639328    0.7391569010121095
4713.004706636628    0.7403266260586588
4714.004707635278    0.7412198058337592
4716.004709632577    0.742095040838436
4717.004710631226    0.7431887503494049
4718.0047116298765    0.7437221785227056
4720.004713627176    0.7449194844225596
4721.004714625826    0.7456127770914535
4723.004716623126    0.746564324090707
4724.004717621775    0.7469678185547706
4726.004719619075    0.7485845739714355
4727.004720617725    0.7489404165549022
4729.004722615024    0.7500935438907481
4730.004723613673    0.751116643907892
4731.004724612324    0.7510868706278987
4733.0047266096235    0.75232583573516
4734.004727608273    0.7523653989238651
4736.004729605573    0.7535346893508957
4737.004730604223    0.7537022300237652
4739.004732601522    0.7542313442502939
4740.004733600173    0.7540512885523099
4742.004735597472    0.7549654259930277
4743.004736596122    0.7546568079862521
4744.004737594772    0.754678716397702
4746.004739592072    0.7546286399783826
4747.004740590721    0.7550022216092788
4749.004742588021    0.7544257595061886
4750.004743586671    0.7549422080907978
4752.00474558397    0.7545544146248947
4753.004746582621    0.7538010113776757
4755.0047485799205    0.753235517007865
4756.00474957857    0.7534758787098471
4757.004750577219    0.7525636408372588
4759.0047525745185    0.7511384166844255
4760.004753573168    0.7507914017273855
4762.004755570469    0.7500058236762353
4763.004756569118    0.7495773022764586
4765.004758566418    0.7489324873888487
4766.0047595650685    0.7479216693903459
4768.004761562368    0.7472814365187794
4769.004762561018    0.7465375386483374
4771.004764558317    0.7441756812552771
4772.004765556966    0.7438038201969248
4773.004766555618    0.742370122253048
4775.004768552916    0.7405837244261064
4776.004769551566    0.7400462229014917
4778.004771548866    0.7379655873079909
4779.004772547515    0.7377015973262785
4781.004774544816    0.73547206129134
4782.004775543465    0.7355438243039879
4784.004777540765    0.7334668012764828
4785.004778539415    0.7331512903247844
4787.004780536714    0.7311178244757416
4788.004781535365    0.7308558971475657
4790.004783532664    0.7293875238869727
4791.004784531314    0.7286958040377833
4793.004786528614    0.7277087667621072
4794.004787527263    0.727787748108764
4795.004788525913    0.7267332929562418
4797.004790523212    0.7259437569443434
4798.004791521863    0.725456924258884
4800.004793519162    0.724494591246293
4801.004794517812    0.7243187207074757
4803.004796515112    0.7229008218785565
4804.004797513761    0.7233783047566723
4806.004799511061    0.7217618904151072
4807.0048005097115    0.7214322627959837
4809.00480250701    0.7214864374042639
4810.004803505661    0.7202780548925082
4812.00480550296    0.721112312171002
4813.00480650161    0.7198146950409137
4815.004808498909    0.7206221080460666
4816.004809497559    0.7194558806194457
4818.004811494859    0.7197741434256737
4819.004812493509    0.7197990893637928
4821.004814490809    0.7201486128480328
4822.0048154894575    0.7202301871485945
4824.004817486758    0.7203299428265578
4825.004818485408    0.7207078628697293
4827.004820482707    0.7209307663158595
4828.004821481358    0.7218120837261103
4830.004823478656    0.7214970183796112
4831.004824477306    0.7224960908946
4833.0048264746065    0.7224124235991571
4834.004827473256    0.723556844287138
4836.004829470556    0.7239028412270287
4837.004830469205    0.7248172269296876
4838.004831467856    0.7254256434884127
4840.004833465156    0.7266369327843324
4841.004834463805    0.7273966078744567
4843.004836461105    0.7277865614447888
4844.004837459754    0.7286568285876744
4846.004839457054    0.7289180876549127
4847.004840455704    0.7306854287360137
4849.004842453003    0.7300645146570985
4850.004843451653    0.7320085333025528
4852.004845448953    0.7320221703574954
4853.004846447603    0.7333940763012268
4855.004848444903    0.7336714329791136
4856.004849443551    0.7342300080834162
4858.004851440853    0.7346617430155924
4860.004853438152    0.735664963668664
4861.004854436802    0.73658180994866
4863.004856434101    0.7374723786268421
4864.004857432751    0.7378856092233116
4866.004859430051    0.7385405633067527
4867.0048604287    0.7393806977561022
4869.004862426    0.7398463385582972
4870.00486342465    0.7402819895177548
4872.004865421949    0.7408987097846805
4873.0048664206    0.7409478848560093
4875.004868417899    0.7416810133897169
4876.004869416549    0.7421657504695853
4878.004871413849    0.7432791981896746
4879.004872412498    0.7427731041026557
4881.0048744097985    0.7440986849582945
4882.004875408447    0.7437539697504277
4884.004877405747    0.7448336002404341
4885.0048784043975    0.7444827587320338
4887.004880401697    0.7448554712751692
4888.004881400347    0.7449142568459759
4890.004883397646    0.7453167454453318
4891.004884396297    0.7454223644653649
4893.004886393596    0.7449704497360042
4894.004887392246    0.7449759357114791
4896.0048893895455    0.7450539938093083
4897.004890388194    0.744983240582114
4899.004892385495    0.7448041763666808
4901.004894382794    0.7442508974859777
4902.004895381444    0.7437231051707313
4904.004897378744    0.7439866649690862
4905.004898377394    0.7438802989351032
4907.0049003746935    0.7436052562326325
4908.004901373344    0.7433633447513983
4910.004903370643    0.742514584841428
4911.004904369293    0.7421808724914248
4913.004906366593    0.7418270866455741
4914.004907365242    0.7412706755040828
4916.004909362542    0.7407576778660223
4917.004910361191    0.7398838476621461
4919.004912358491    0.7392543618263542
4921.004914355791    0.7388710170198698
4922.00491535444    0.73862561265266
4925.004918350391    0.7376773689385836
4926.00491934904    0.7374517099176539
4928.00492134634    0.7359659238999792
4929.00492234499    0.7358693488361744
4931.004924342289    0.7349247068985926
4932.004925340939    0.7346149248413116
4934.004927338239    0.7336510850730459
4935.004928336888    0.7338808228164303
4936.004929335539    0.7329425076821159
4938.004931332839    0.7332042160397165
4939.004932331488    0.7318235915581215
4941.004934328788    0.7320239432810638
4942.004935327437    0.7312614886990548
4944.004937324737    0.7309464499299392
4945.004938323387    0.729604909741146
4947.004940320686    0.7293672006431009
4948.004941319337    0.7285145483012208
4950.004943316636    0.7278333023004625
4951.004944315286    0.7270895314406887
4953.004946312586    0.726673738486328
4954.004947311235    0.7260783360437805
4956.004949308534    0.7251364990579401
4957.004950307184    0.7248049170421998
4959.0049523044845    0.7238786747190644
4960.004953303134    0.7232728961777495
4962.004955300434    0.7227498332689124
4963.004956299084    0.7223518253962481
4965.004958296384    0.7217852888166277
4966.004959295034    0.7215217287381164
4968.004961292333    0.7208662600381072
4969.004962290982    0.7203974858110216
4971.004964288282    0.7198445138070072
4972.004965286932    0.7198041172674742
4973.004966285582    0.7189913117438013
4975.004968282881    0.7193206789519201
4976.004969281532    0.7188316853706052
4978.004971278832    0.7182496796825091
4979.004972277481    0.7183591526896026
4981.0049742747815    0.7177830223990329
4982.004975273429    0.7171352326366529
4984.00497727073    0.717330645624874
4985.0049782693795    0.7166857432526064
4987.004980266679    0.7166411723819169
4988.00498126533    0.7165330130180245
4990.004983262629    0.7166861451109284
4991.004984261279    0.7167620330762979
4993.004986258578    0.7172342819304292
4994.004987257228    0.7165539456420313
4996.0049892545285    0.7174246013889205
4997.004990253177    0.717385746725154
4999.004992250477    0.7177235170478927
5000.004993249127    0.7180227946044481
5002.004995246426    0.7182406215097834
5003.004996245078    0.7184996952887778
5005.004998242376    0.7189249370726273
5006.004999241026    0.7193469819956396
5008.005001238326    0.719945895506199
5009.005002236976    0.7204220408560427
5011.005004234276    0.7205299463428321
5012.005005232924    0.7212897378221256
5014.005007230225    0.7219080131851942
5015.0050082288735    0.7219562763403754
5017.005010226174    0.7224467797705663
5018.005011224824    0.7229092405595787
5020.005013222124    0.7231440858288488
5021.005014220773    0.7236099888300112
5023.005016218074    0.723515536957784
5024.005017216723    0.7238484138984421
5026.005019214023    0.7246128534517471
5027.005020212672    0.7247592699160517
5029.005022209973    0.7250937459267154
5030.005023208622    0.7256124705790428
5032.005025205921    0.7259037536479995
5033.0050262045725    0.7261944589861393
5035.005028201871    0.7268823968513809
5036.005029200522    0.7265118035957507
5038.005031197821    0.7275856073173612
5039.00503219647    0.7276661224138625
5041.0050341937695    0.7281761083482208
5042.00503519242    0.7284447782933355
5044.00503718972    0.729123061584141
5045.005038188368    0.7293704029400978
5047.005040185669    0.7296954303632531
5048.0050411843185    0.7296706862803051
5050.005043181619    0.7302293330592184
5051.005044180269    0.7297895335986153
5053.005046177568    0.7308063370264954
5055.005048174868    0.729753044603583
5056.005049173517    0.7305628790815506
5058.005051170818    0.7302320063312293
5059.005052169467    0.7301562741098537
5061.005054166766    0.7303210521768613
5062.005055165417    0.7299260167841456
5064.005057162716    0.7301718970831289
5065.005058161366    0.7297907955007035
5067.0050601586645    0.7304101324017578
5068.005061157316    0.7294057473844109
5070.005063154615    0.729695752831672
5071.005064153265    0.7291787852355763
5073.005066150565    0.7291726882604652
5074.005067149214    0.7289615651379728
5076.005069146514    0.7292370554171264
5077.005070145164    0.7288289962808585
5079.005072142463    0.7288478999751783
5080.005073141113    0.7291199529332025
5082.005075138412    0.7280105785832051
5083.005076137063    0.7286431232443289
5085.005078134362    0.7279573646166803
5087.005080131661    0.7282201919826479
5088.005081130312    0.7276661346544026
5090.005083127612    0.7280729923579411
5091.005084126261    0.7274625776354647
5093.005086123561    0.7269586650406269
5094.00508712221    0.7269518000131201
5096.0050891195115    0.7262323735095195
5097.00509011816    0.7262663925681779
5099.00509211546    0.7263914599040506
5100.0050931141095    0.7254134390416742
5102.005095111409    0.7257187152281804
5103.005096110061    0.725585298604168
5105.005098107359    0.7247986364082287
5106.005099106009    0.7253805511589941
5108.005101103309    0.7243768030321677
5110.005103100608    0.7239044210401918
5111.005104099258    0.724150215648656
5113.005106096558    0.7244687125997537
5114.005107095207    0.7240295210924435
5116.005109092507    0.7242250064788547
5117.005110091157    0.7239547378478809
5119.005112088456    0.7239441219752344
5120.005113087107    0.7235895090207973
5122.0051150844065    0.7230459860442423
5123.005116083055    0.7230633336711294
5125.005118080355    0.7222049589684125
5127.005120077655    0.7223821452997948
5128.005121076304    0.7222889686739266
5130.005123073604    0.7220788677360952
5131.005124072254    0.7218187793908585
5133.0051260695545    0.7215063897457407
5134.005127068203    0.7216993727407839
5136.005129065503    0.7209669138705264
5137.0051300641535    0.7208724278523081
5139.005132061453    0.7204127299524336
5141.005134058752    0.7200739310616627
5142.005135057402    0.7196611361242216
5144.005137054702    0.7197988904217668
5145.005138053352    0.7193247217337749
5147.005140050652    0.7194432342785689
5148.0051410493015    0.7195571457436162
5150.005143046601    0.7191779812535878
5152.0051450439005    0.7194929613345652
5153.00514604255    0.7184345908880289
5155.00514803985    0.7190997693427859
5156.0051490385    0.7185935922621894
5158.0051510358    0.7189936647400047
5159.00515203445    0.7187191521974506
5161.005154031749    0.7183238887557881
5162.0051550304    0.7184186354198605
5164.005157027699    0.7180158959041436
5166.005159024999    0.7177187317983496
5167.0051600236475    0.7179523780248417
5169.005162020948    0.7173026492327743
5170.005163019598    0.7176466541538374
5172.005165016898    0.7167714310443064
5174.005167014197    0.7175821613074943
5175.005168012847    0.717044115080456
5177.005170010147    0.7174773251860296
5178.0051710087955    0.7174228545122541
5180.005173006095    0.7174779416551523
5181.005174004746    0.7174527846597771
5183.005176002044    0.7174033501092916
5185.0051779993455    0.7173043503621268
5186.005178997994    0.7176229321855122
5188.005180995295    0.7177599157324822
5189.005181993944    0.7172875486028677
5191.005183991245    0.7177739777141607
5193.0051859885425    0.7178048426426731
5194.005186987193    0.718029206790651
5196.005188984493    0.7183838925024777
5197.005189983143    0.7181007899593541
5199.005191980442    0.7185756140729378
5200.0051929790925    0.7189976913245463
5202.005194976392    0.7188716887949181
5204.005196973692    0.7191994819558127
5205.005197972341    0.719094388507325
5207.005199969641    0.7196815477625567
5208.00520096829    0.7196826963803844
5210.005202965591    0.7201718049974961
5212.00520496289    0.7209766212610016
5213.00520596154    0.7207075274288832
5215.0052079588395    0.7212381632367889
5216.00520895749    0.7211842418840004
5218.005210954789    0.7208917278508215
5220.005212952088    0.721277440828642
5221.005213950739    0.7209326754766965
5223.005215948038    0.7212063275913259
5225.005217945338    0.7210824312435398
5226.0052189439875    0.7211412303451386
5228.005220941287    0.7209145508125081
5229.005221939937    0.7207364195701425
5231.005223937237    0.7206765028146873
5233.005225934536    0.7205398960787579
5234.005226933186    0.7202219243620931
5236.005228930486    0.7199438703784073
5237.0052299291365    0.7194136641589178
5239.005231926435    0.7193748636916487
5241.0052339237345    0.7189294056262521
5242.005234922385    0.7186959991805554
5244.005236919685    0.7180623231530411
5246.005238916985    0.7171057755446645
5247.005239915634    0.7166818811838127
5249.005241912933    0.7162861917075249
5250.005242911584    0.7154478891924296
5252.0052449088835    0.7146300698047978
5254.005246906182    0.7139109122894417
5255.005247904833    0.7134057660220354
5257.005249902132    0.7123668074774024
5259.005251899433    0.7108402474712792
5260.005252898081    0.7107713273209401
5262.005254895383    0.7103279204808634
5264.00525689268    0.7090592315083557
5265.005257891331    0.7091834268806881
5267.0052598886305    0.7077847405653744
5268.00526088728    0.7079039005651389
5270.00526288458    0.7067721542197577
5272.00526488188    0.7063749270464037
5273.005265880529    0.7058799023705226
5275.00526787783    0.7054451308123951
5277.00526987513    0.7053489502998647
5278.0052708737785    0.7051005094274739
5280.005272871078    0.7047076144417344
5282.005274868378    0.7046212283740103
5283.005275867027    0.7047512228463647
5285.005277864328    0.704541052699483
5287.005279861627    0.7045846682157124
5288.005280860276    0.7044658351555579
5290.005282857577    0.7045200774564135
5292.005284854877    0.7046701880732099
5293.0052858535255    0.7052548527444743
5295.005287850826    0.7048814381921633
5297.005289848125    0.7060011598661093
5298.005290846775    0.7060607707064759
5300.005292844075    0.7063448704314393
5302.005294841375    0.7072843071704636
5303.005295840025    0.707377917538402
5305.005297837324    0.7078956980158722
5307.005299834624    0.7082688418658826
5308.005300833273    0.7091806390841471
5310.005302830573    0.7088166516973207
5312.005304827872    0.7098370666355708
5313.005305826522    0.7097233493069518
5315.0053078238225    0.7111284590372798
5317.005309821123    0.7109293296805436
5318.005310819772    0.7117289750967627
5320.005312817071    0.7116329943417001
5322.005314814371    0.7121047376621787
5323.00531581302    0.7122465845600576
5325.00531781032    0.7123686190653613
5327.00531980762    0.7126277999217645
5329.00532180492    0.7127276447142729
5330.00532280357    0.7121705581857992
5332.00532480087    0.7127933011251417
5334.005326798168    0.7119065194786812
5335.005327796818    0.7123500838438778
5337.005329794119    0.7115791037569158
5339.005331791418    0.7128366749775953
5340.005332790068    0.7113824042498016
5342.005334787368    0.7123625638171518
5344.005336784667    0.7109076641092632
5346.005338781966    0.7110407274318116
5347.005339780617    0.7105203302996203
5349.005341777916    0.7105160174741862
5351.005343775216    0.7097658253849651
5352.0053447738655    0.7097669359907723
5354.005346771165    0.7091277700291033
5356.005348768465    0.7095750440982506
5358.005350765765    0.7091446252942393
5359.005351764414    0.7086608401955683
5361.005353761715    0.7084571365546353
5363.005355759014    0.7078940094281108
5364.005356757663    0.7078752718104253
5366.005358754963    0.7075720333726314
5368.005360752263    0.706901592980685
5370.005362749563    0.7061360599088827
5371.005363748212    0.7061070744305841
5373.005365745512    0.7054321457266305
5375.005367742811    0.705008696265339
5377.005369740111    0.7046107338318073
5378.005370738761    0.7042712996517265
5380.00537273606    0.7034244799634458
5382.005374733361    0.7025118574640457
5384.005376730661    0.7017617858256672
5385.005377729311    0.70125787228785
5387.00537972661    0.7001223951317075
5389.0053817239095    0.6987460050179448
5391.005383721208    0.6976946960039084
5392.005384719859    0.697163117637648
5394.005386717159    0.6955719539939634
5396.005388714458    0.6941982132231143
5398.005390711758    0.6935724368960022
5400.005392709058    0.6910925159936714
5401.005393707706    0.6910403414705254
5403.005395705006    0.6892288257812351
5405.005397702306    0.6872716799083637
5407.005399699607    0.6852438146470096
5408.005400698256    0.6843084418811166
5410.005402695556    0.6820510897358998
5412.005404692855    0.6792278778099876
5414.005406690156    0.6757691441548338
5416.005408687453    0.6707002281495007
5417.005409686104    0.6679126501070698
5419.0054116834035    0.661537949397189
5421.005413680704    0.6529961254408074
5423.005415678003    0.6422707437443186
5425.005417675303    0.6294937468405902
5426.005418673953    0.6217731197083133
5428.005420671252    0.6057456544072065
5430.005422668552    0.585438278588108
5432.005424665851    0.5630128771003214
5434.005426663152    0.5375648695588804
5435.005427661801    0.5239924529321525
5437.0054296591015    0.49447672358051753
5439.005431656401    0.46342787423345616
5441.0054336537    0.43168974269249893
5443.005435650999    0.39788724163409706
5444.00543664965    0.3816004447323571
5446.005438646949    0.3473408489486524
5448.005440644249    0.31432946392036526
5450.005442641549    0.2816248221976734
5452.0054446388485    0.25070207218845314
5454.005446636148    0.22157285995507642
5456.005448633447    0.19441699127700682
5457.005449632097    0.18191087414176457
5459.0054516293985    0.15863199002303363
5461.005453626696    0.13755189830165762
5463.005455623997    0.11921367570203113
5465.005457621296    0.10274754300261889
5467.0054596185955    0.08845479763487472
5469.005461615896    0.07610730416389655
5470.005462614545    0.07063152252252311
5472.005464611846    0.06087410872229066
5474.0054666091455    0.05261997983898427
5476.005468606444    0.04539367666214723
5478.005470603744    0.039390419783219895
5480.005472601043    0.03405535543341247
5482.005474598343    0.029720374275739595
5484.005476595643    0.025817212135318034
5485.005477594292    0.02423203223081632
5487.005479591593    0.021152563780427697
5489.0054815888925    0.018603302012449467
5491.005483586191    0.016376330997273817
5493.005485583491    0.01450299233630522
5495.005487580791    0.012839326600608129
5497.00548957809    0.011419495797372937
5499.005491575391    0.01016436318959214
5501.005493572689    0.009094332184377153
5503.005495569989    0.008136252656573684
5504.0054965686395    0.00772146519722196
5506.005498565938    0.0069813198529567536
5508.0055005632385    0.0062786327861344285
5510.005502560538    0.0057091980818394505
5512.005504557838    0.005178333655055158
5514.005506555139    0.004724120010661845
5516.005508552436    0.0043522743963159815
5518.005510549737    0.00397579992493867
5520.005512547036    0.003679044967022387
5522.005514544336    0.003382226413806422
5524.005516541636    0.003130665886916741
5526.005518538936    0.002899155858905695
5528.005520536235    0.002695633093993757
5530.0055225335345    0.0025175028721854125
5532.005524530834    0.0023467688232119976
5534.005526528134    0.0022147889669867343
5536.005528525433    0.002081161893311303
5538.005530522733    0.0019498410206243225
5540.005532520034    0.0018535937211400818
5542.005534517333    0.0017191833177213752
5544.005536514633    0.0016602006349345623
5546.005538511931    0.0015721726544837575
5548.005540509231    0.0015085924687252984
5550.005542506531    0.00144617960721884
5552.0055445038315    0.0013751609402657386
5554.005546501131    0.0013128488060393827
5556.00554849843    0.001265194959990681
5558.005550495729    0.0012033732828233153
5560.005552493029    0.0011499626776980004
5562.005554490329    0.0011060164643537812
5564.005556487629    0.0010619635705500174
5566.005558484929    0.0010355717073489276
5568.005560482228    0.0009917623883108947
5570.005562479528    0.0009565719461044831
5572.005564476827    0.0009106564708215825
5574.005566474127    0.0008621608919932216
5576.005568471426    0.0008301490798652534
5578.005570468727    0.0008043541808849492
5580.005572466026    0.0007730548412903723
5582.005574463326    0.0007486155388766796
5584.005576460626    0.000730730317543495
5586.0055784579245    0.000701003539153293
5589.005581453875    0.0006695197597665931
5591.005583451174    0.0006621640971376555
5593.0055854484735    0.0006320597393369168
5595.005587445774    0.0006172250696574222
5597.005589443073    0.0006054524608715164
5599.005591440373    0.0005885582718440263
5601.005593437671    0.000585309262903629
5603.005595434971    0.0005777947377634065
5605.005597432272    0.0005619553218925664
5608.005600428221    0.0005455772451659185
5610.005602425521    0.0005333464137181146
5612.00560442282    0.0005173951807035164
5614.00560642012    0.0005086718167941093
5616.005608417418    0.00048786489808429385
5618.00561041472    0.0004776566971737684
5621.005613410669    0.0004579489710765427
5623.005615407968    0.0004467709110058121
5625.005617405268    0.0004396594514685093
5627.005619402567    0.0004276747374010955
5629.005621399867    0.0004188637449633166
5632.005624395817    0.00040709399074028227
5634.005626393117    0.00040142505495380687
5636.005628390416    0.00039736212599050265
5638.005630387715    0.00039470887502439497
5640.005632385015    0.0003930957054259562
5643.005635380965    0.00039221049379970554
5645.0056373782645    0.00039220577501678514
5647.005639375565    0.0003922032606415159
