# wave(A) trans
3676.0 0.570983649
3677.0 0.538017761
3678.0 0.588691939
3679.0 0.568291895
3680.0 0.582810298
3681.0 0.496625493
3681.0 0.55808583
3682.0 0.468489283
3683.0 0.592847581
3684.0 0.564255373
3685.0 0.504032258
3686.0 0.524056068
3687.0 0.512917933
3687.0 0.56981841
3688.0 0.493811726
3689.0 0.507928642
3690.0 0.498722025
3691.0 0.509411692
3692.0 0.484306032
3692.0 0.473525613
3693.0 0.460433421
3694.0 0.460489961
3695.0 0.452322738
3696.0 0.454242626
3697.0 0.555186772
3697.0 0.474959418
3698.0 0.53905127
3699.0 0.542732749
3700.0 0.508312403
3701.0 0.543965569
3702.0 0.499940483
3702.0 0.499762018
3703.0 0.551143771
3704.0 0.475854776
3705.0 0.526284667
3706.0 0.497803807
3707.0 0.456968774
3708.0 0.480657864
3708.0 0.531914894
3709.0 0.456120092
3710.0 0.473987779
3711.0 0.423437858
3712.0 0.468785731
3713.0 0.451951867
3713.0 0.451620187
3714.0 0.521689821
3715.0 0.490887547
3716.0 0.4823602
3717.0 0.478176258
3718.0 0.479669809
3718.0 0.546569994
3719.0 0.545996029
3720.0 0.464756003
3721.0 0.516625447
3722.0 0.51164816
3723.0 0.430494251
3724.0 0.478027052
3724.0 0.39763568
3725.0 0.411344447
3726.0 0.447222372
3727.0 0.45657195
3728.0 0.44078598
3729.0 0.466274572
3729.0 0.462004142
3730.0 0.497644132
3731.0 0.491580379
3732.0 0.485791893
3733.0 0.448056684
3734.0 0.433570765
3734.0 0.530338481
3735.0 0.49390338
3736.0 0.437242798
3737.0 0.410909651
3738.0 0.478420195
3739.0 0.47715736
3739.0 0.429249571
3740.0 0.362501259
3741.0 0.453217847
3742.0 0.458327106
3743.0 0.397160304
3744.0 0.343368997
3744.0 0.456349206
3745.0 0.410099313
3746.0 0.440852314
3747.0 0.380729243
3748.0 0.471308488
3749.0 0.438807985
3750.0 0.416846342
3750.0 0.400966184
3751.0 0.43014864
3752.0 0.471608232
3753.0 0.428673494
3754.0 0.421940928
3755.0 0.426600939
3755.0 0.393682336
3756.0 0.386675984
3757.0 0.407055631
3758.0 0.415858054
3759.0 0.314203863
3760.0 0.408669299
3760.0 0.396605792
3761.0 0.379532672
3762.0 0.389792866
3763.0 0.381402107
3764.0 0.402059993
3765.0 0.387143243
3765.0 0.381542329
3766.0 0.378450579
3767.0 0.373150904
3768.0 0.402512385
3769.0 0.403297288
3770.0 0.356325884
3770.0 0.399841821
3771.0 0.344316597
3772.0 0.367647059
3773.0 0.379523009
3774.0 0.403606698
3775.0 0.411469718
3776.0 0.332580054
3776.0 0.401383492
3777.0 0.300669095
3778.0 0.312790599
3779.0 0.400489018
3780.0 0.390264373
3781.0 0.308294796
3781.0 0.41172801
3782.0 0.345502227
3783.0 0.346277517
3784.0 0.358054161
3785.0 0.348075348
3786.0 0.337714123
3786.0 0.317990949
3787.0 0.381555447
3788.0 0.406782392
3789.0 0.324987963
3790.0 0.27646446
3791.0 0.375309431
3791.0 0.362217888
3792.0 0.344445324
3793.0 0.396903368
3794.0 0.355618777
3795.0 0.368945757
3796.0 0.32019993
3796.0 0.365332297
3797.0 0.352549202
3798.0 0.312970905
3799.0 0.348966522
3800.0 0.332048395
3801.0 0.303363543
3801.0 0.337293982
3802.0 0.336687599
3803.0 0.384470411
3804.0 0.34142498
3805.0 0.376009828
3806.0 0.375394908
3806.0 0.323636634
3807.0 0.27281106
3808.0 0.335310807
3809.0 0.323684114
3810.0 0.308177716
3811.0 0.315526058
3811.0 0.316732197
3812.0 0.301884047
3813.0 0.281741015
3814.0 0.334737069
3815.0 0.322130355
3816.0 0.318381208
3816.0 0.330314331
3817.0 0.278954802
3818.0 0.357345033
3819.0 0.339826233
3820.0 0.311210574
3821.0 0.340739195
3821.0 0.295282429
3822.0 0.269151139
3823.0 0.268262485
3824.0 0.299116247
3825.0 0.334083316
3826.0 0.322624465
3826.0 0.286745606
3827.0 0.299895542
3828.0 0.309941717
3829.0 0.257818255
3830.0 0.258835241
3831.0 0.2934605
3832.0 0.300290281
3832.0 0.300508553
3833.0 0.287308874
3834.0 0.32673332
3835.0 0.264274062
3836.0 0.345220648
3837.0 0.316088247
3837.0 0.302211934
3838.0 0.29154519
3839.0 0.297153082
3840.0 0.282611457
3841.0 0.275342596
3842.0 0.28296188
3842.0 0.254869262
3843.0 0.296324318
3844.0 0.307460626
3845.0 0.346517654
3846.0 0.251365442
3847.0 0.315994919
3847.0 0.295912706
3848.0 0.234604106
3849.0 0.288750998
3850.0 0.281319757
3851.0 0.296942702
3852.0 0.320386882
3852.0 0.276192789
3853.0 0.25570062
3854.0 0.276608539
3855.0 0.269646763
3856.0 0.264047944
3857.0 0.285120285
3857.0 0.3080295
3858.0 0.270795314
3859.0 0.253942007
3860.0 0.238955589
3861.0 0.255813953
3862.0 0.272605997
3862.0 0.268553278
3863.0 0.26490829
3864.0 0.284384695
3865.0 0.234245558
3866.0 0.280320366
3866.0 0.287724696
3867.0 0.247341787
3868.0 0.26588222
3869.0 0.280962014
3870.0 0.288119947
3871.0 0.262408576
3871.0 0.255427842
3872.0 0.278071297
3873.0 0.266030388
3874.0 0.277984202
3875.0 0.284232022
3876.0 0.257520136
3876.0 0.262495899
3877.0 0.265892503
3878.0 0.25222391
3879.0 0.276183256
3880.0 0.221837463
3881.0 0.259844629
3881.0 0.247867804
3882.0 0.234192037
3883.0 0.278396437
3884.0 0.250970861
3885.0 0.25574099
3886.0 0.24819082
3886.0 0.236356952
3887.0 0.259780745
3888.0 0.270791022
3889.0 0.277893206
3890.0 0.237756816
3891.0 0.234053498
3891.0 0.265896249
3892.0 0.230881712
3893.0 0.272542028
3894.0 0.213208792
3895.0 0.259648592
3896.0 0.25723797
3896.0 0.234771098
3897.0 0.249569493
3898.0 0.246587626
3899.0 0.246391239
3900.0 0.252337836
3901.0 0.23572744
3901.0 0.245935909
3902.0 0.259416069
3903.0 0.269574807
3904.0 0.268161872
3905.0 0.252586584
3906.0 0.212580926
3906.0 0.248858392
3907.0 0.230891337
3908.0 0.230133046
3909.0 0.252820378
3910.0 0.230568101
3911.0 0.244603291
3911.0 0.259326228
3912.0 0.23389326
3913.0 0.243320498
3914.0 0.263059
3915.0 0.25345568
3915.0 0.23819532
3916.0 0.225639117
3917.0 0.238392816
3918.0 0.249734079
3919.0 0.232194584
3920.0 0.234498931
3920.0 0.24840149
3921.0 0.21738633
3922.0 0.241475029
3923.0 0.227086929
3924.0 0.230878924
3925.0 0.219273459
3925.0 0.246836011
3926.0 0.231351497
3927.0 0.246079506
3928.0 0.242410764
3929.0 0.208814644
3930.0 0.267811691
3930.0 0.215801991
3931.0 0.230870712
3932.0 0.226194659
3933.0 0.209739792
3934.0 0.236225639
3935.0 0.223161088
3935.0 0.225699342
3936.0 0.219704476
3937.0 0.236869872
3938.0 0.227991311
3939.0 0.223003688
3939.0 0.19869672
3940.0 0.217502559
3941.0 0.220638153
3942.0 0.243778352
3943.0 0.253447948
3944.0 0.21717794
3944.0 0.221043324
3945.0 0.229573203
3946.0 0.219757221
3947.0 0.199671374
3948.0 0.205842603
3949.0 0.245274852
3949.0 0.220673156
3950.0 0.220905506
3951.0 0.228846979
3952.0 0.184286504
3953.0 0.226239733
3954.0 0.255401954
3954.0 0.217311832
3955.0 0.232685187
3956.0 0.210688384
3957.0 0.236406619
3958.0 0.24659182
3958.0 0.198353068
3959.0 0.238867767
3960.0 0.240762481
3961.0 0.193389245
3962.0 0.202297948
3963.0 0.212080748
3963.0 0.22213922
3964.0 0.2585599
3965.0 0.226182584
3966.0 0.211338607
3967.0 0.192068912
3968.0 0.220720634
3968.0 0.224974041
3969.0 0.209906024
3970.0 0.211514056
3971.0 0.192840095
3972.0 0.232833314
3972.0 0.224599338
3973.0 0.214555604
3974.0 0.215855945
3975.0 0.245848935
3976.0 0.220036485
3977.0 0.21861631
3977.0 0.196920538
3978.0 0.231624171
3979.0 0.217512549
3980.0 0.227099272
3981.0 0.210291244
3982.0 0.229880796
3982.0 0.221987902
3983.0 0.231869123
3984.0 0.196872125
3985.0 0.202754539
3986.0 0.222961366
3986.0 0.226877687
3987.0 0.231728733
3988.0 0.230218436
3989.0 0.230314461
3990.0 0.244070003
3991.0 0.216500983
3991.0 0.227806777
3992.0 0.216396023
3993.0 0.20698023
3994.0 0.232691344
3995.0 0.208749643
3996.0 0.226204362
3996.0 0.213397827
3997.0 0.236845361
3998.0 0.219181956
3999.0 0.244554699
4000.0 0.218960202
4000.0 0.262936475
4001.0 0.230101454
4002.0 0.239117534
4003.0 0.236172614
4004.0 0.230606512
4005.0 0.234977021
4005.0 0.250635231
4006.0 0.207771692
4007.0 0.220567963
4008.0 0.256330856
4009.0 0.249611051
4009.0 0.240667725
4010.0 0.226718715
4011.0 0.2377354
4012.0 0.220227003
4013.0 0.253481141
4014.0 0.213295414
4014.0 0.221986782
4015.0 0.235575224
4016.0 0.230626535
4017.0 0.2359043
4018.0 0.256337226
4018.0 0.244200244
4019.0 0.244348404
4020.0 0.260953394
4021.0 0.242002321
4022.0 0.253903352
4023.0 0.253869867
4023.0 0.262652462
4024.0 0.253794639
4025.0 0.245954056
4026.0 0.256242859
4027.0 0.263295611
4028.0 0.255675842
4028.0 0.26394682
4029.0 0.278265964
4030.0 0.26741868
4031.0 0.266137617
4032.0 0.280966914
4032.0 0.290814441
4033.0 0.284881943
4034.0 0.254200707
4035.0 0.289831865
4036.0 0.285546584
4037.0 0.27894887
4037.0 0.302904697
4038.0 0.30566994
4039.0 0.316180539
4040.0 0.292554874
4041.0 0.323083955
4041.0 0.300257589
4042.0 0.30815672
4043.0 0.31410488
4044.0 0.30211005
4045.0 0.312932444
4046.0 0.328870096
4046.0 0.326663944
4047.0 0.311613848
4048.0 0.332334769
4049.0 0.317129666
4050.0 0.323987539
4050.0 0.349324639
4051.0 0.31818464
4052.0 0.324189141
4053.0 0.313377999
4054.0 0.355806109
4054.0 0.352714671
4055.0 0.341626325
4056.0 0.35451781
4057.0 0.351252291
4058.0 0.369634947
4059.0 0.368660786
4059.0 0.346878851
4060.0 0.398685252
4061.0 0.387237855
4062.0 0.352325652
4063.0 0.402238016
4063.0 0.368947894
4064.0 0.392540232
4065.0 0.396932792
4066.0 0.374486773
4067.0 0.426174597
4068.0 0.420866596
4068.0 0.432705985
4069.0 0.436700748
4070.0 0.44819679
4071.0 0.444861037
4072.0 0.465026446
4072.0 0.482805604
4073.0 0.489102327
4074.0 0.486571226
4075.0 0.523629909
4076.0 0.547695116
4076.0 0.546754108
4077.0 0.561104583
4078.0 0.619322268
4079.0 0.6170119
4080.0 0.605298555
4081.0 0.65325091
4081.0 0.699331328
4082.0 0.728669266
4083.0 0.736387763
4084.0 0.795871327
4085.0 0.829446064
4085.0 0.839266076
4086.0 0.901279469
4087.0 0.955160903
4088.0 0.972913848
4089.0 1.062694659
4090.0 1.120536482
4090.0 1.212461167
4091.0 1.264571936
4092.0 1.379447652
4093.0 1.465767739
4094.0 1.519378514
4094.0 1.663485914
4095.0 1.809381451
4096.0 1.900833475
4097.0 2.106084243
4098.0 2.221623232
4098.0 2.471744402
4099.0 2.623927381
4100.0 2.799983082
4101.0 3.006543321
4102.0 3.273469963
4102.0 3.546298113
4103.0 3.826150516
4104.0 4.171155918
4105.0 4.376352342
4106.0 4.776465332
4107.0 5.10883928
4107.0 5.615391054
4108.0 6.007636237
4109.0 6.422566525
4110.0 6.967480465
4111.0 7.377887059
4111.0 7.952066709
4112.0 8.432536942
4113.0 8.949856003
4114.0 9.481268012
4115.0 10.05247283
4115.0 10.58505752
4116.0 11.22299197
4117.0 11.92626652
4118.0 12.49897224
4119.0 13.0683443
4120.0 14.31493958
4120.0 13.69541805
4121.0 15.24439184
4122.0 15.77703208
4123.0 16.42428847
4124.0 17.19956645
4124.0 17.91858887
4125.0 18.84423132
4126.0 19.49602122
4127.0 20.40659192
4128.0 22.19049671
4128.0 21.28730915
4129.0 23.13420776
4130.0 23.9225006
4131.0 25.20682177
4132.0 26.20077456
4132.0 27.39762572
4133.0 28.36521786
4134.0 29.8523601
4135.0 30.96790471
4136.0 33.86687566
4136.0 32.67293754
4137.0 35.60817455
4138.0 36.82180338
4139.0 38.5928013
4140.0 40.3526834
4141.0 41.68741392
4141.0 43.89752294
4142.0 45.20031629
4143.0 47.25273276
4144.0 48.9246038
4145.0 52.48762425
4145.0 50.66955779
4146.0 54.41815865
4147.0 56.15903583
4148.0 57.76204003
4149.0 59.35283283
4149.0 61.32917911
4150.0 62.79633831
4151.0 64.6503328
4152.0 66.29821322
4153.0 69.25891328
4153.0 67.64702063
4154.0 70.62342651
4155.0 71.57482452
4156.0 72.65464417
4157.0 73.90198231
4157.0 74.81260339
4158.0 75.81256771
4159.0 76.57129607
4160.0 77.28996593
4161.0 79.0292958
4161.0 78.51046823
4162.0 79.43056661
4163.0 79.92441227
4164.0 80.20555327
4165.0 80.6764334
4165.0 81.17025901
4166.0 80.96432801
4167.0 81.12678926
4168.0 81.22804785
4169.0 81.7644747
4169.0 81.30982112
4170.0 82.16212785
4171.0 81.78295555
4172.0 82.14773763
4173.0 82.16116335
4174.0 81.85657732
4174.0 81.79708097
4175.0 81.63922062
4176.0 82.08455104
4177.0 81.92872804
4178.0 82.03983344
4178.0 81.81533999
4179.0 82.08416834
4180.0 82.14607755
4181.0 82.18328268
4182.0 82.21984368
4182.0 82.36712874
4183.0 82.36267496
4184.0 82.23336428
4185.0 82.84617765
4186.0 82.86344753
4186.0 82.84139666
4187.0 83.16802658
4188.0 83.30845434
4189.0 83.5707596
4190.0 83.74122441
4190.0 83.68322365
4191.0 84.39491619
4192.0 84.83265646
4193.0 84.87600376
4194.0 85.70591181
4194.0 85.17767737
4195.0 85.72571262
4196.0 86.23751523
4197.0 86.04642706
4198.0 86.88498675
4198.0 87.1155847
4199.0 87.39135698
4200.0 87.7804943
4201.0 88.33213856
4202.0 88.64798701
4202.0 88.27815848
4203.0 89.35508465
4204.0 89.71103857
4205.0 89.65666839
4206.0 90.03067114
4206.0 90.53123077
4207.0 90.36392272
4208.0 90.51567483
4209.0 90.68406028
4210.0 90.76581176
4210.0 90.70262342
4211.0 91.24739327
4212.0 91.27331614
4213.0 91.02995201
4214.0 91.03085386
4214.0 91.34097964
4215.0 91.08883718
4216.0 91.28546025
4217.0 91.19696464
4218.0 91.1541169
4218.0 91.37155739
4219.0 90.69886276
4220.0 90.84527988
4221.0 91.05468564
4221.0 90.47929457
4222.0 89.91756425
4223.0 90.56668561
4224.0 90.25448339
4225.0 89.57525763
4225.0 89.21950184
4226.0 89.62506481
4227.0 89.0931387
4228.0 89.37798139
4229.0 88.91191222
4229.0 88.8669069
4230.0 88.43712231
4231.0 88.27876148
4232.0 88.22357862
4233.0 87.94922789
4233.0 87.51913079
4234.0 87.59727796
4235.0 87.40896604
4236.0 87.55438903
4237.0 87.04204344
4237.0 87.31141425
4238.0 87.07912262
4239.0 87.40693196
4240.0 87.21339262
4241.0 86.5762108
4241.0 86.62066255
4242.0 86.80580365
4243.0 86.66051022
4244.0 86.95340087
4245.0 86.57275692
4245.0 87.12063338
4246.0 87.07979313
4247.0 86.92773646
4248.0 87.28074225
4249.0 86.75987031
4249.0 87.10048419
4250.0 87.27527702
4251.0 87.51553224
4252.0 87.59868988
4252.0 87.18039773
4253.0 87.78004307
4254.0 87.62698858
4255.0 87.86593175
4256.0 87.12450256
4256.0 87.69295762
4257.0 88.04842703
4258.0 87.49388795
4259.0 87.62625114
4260.0 87.89988623
4260.0 88.00408603
4261.0 87.92702963
4262.0 87.32972949
4263.0 88.20559266
4264.0 88.03722256
4264.0 87.9520527
4265.0 88.19972474
4266.0 88.14381365
4267.0 88.3578819
4268.0 88.45568078
4268.0 88.44997466
4269.0 88.05811084
4270.0 88.79519698
4271.0 88.10248718
4271.0 88.22560955
4272.0 88.51621576
4273.0 88.3916318
4274.0 88.31847148
4275.0 88.13147361
4275.0 88.34449076
4276.0 88.29058592
4277.0 88.65011568
4278.0 88.36458807
4279.0 88.27323301
4279.0 88.31895883
4280.0 88.55992815
4281.0 88.03985611
4282.0 88.39896407
4283.0 88.53141142
4283.0 88.35996376
4284.0 88.63608832
4285.0 88.24145535
4286.0 88.4968483
4286.0 88.65256027
4287.0 88.5789034
4288.0 88.61531709
4289.0 88.66314241
4290.0 88.95202782
4290.0 88.57124101
4291.0 88.501887
4292.0 89.08414487
4293.0 88.92007601
4294.0 88.84344393
4294.0 89.00314818
4295.0 89.33086312
4296.0 89.0409171
4297.0 89.08684043
4297.0 89.00642032
4298.0 89.43104401
4299.0 89.73675947
4300.0 89.32370903
4301.0 89.39469088
4301.0 89.53275457
4302.0 89.61899325
4303.0 89.57753442
4304.0 89.92575511
4305.0 90.45777265
4305.0 89.95559179
4306.0 89.79256302
4307.0 90.0751429
4308.0 90.26346548
4308.0 90.14787786
4309.0 90.60578139
4310.0 90.49596038
4311.0 90.79586845
4312.0 90.69926119
4312.0 90.8630632
4313.0 90.72480133
4314.0 91.11883356
4315.0 90.83222547
4316.0 90.91747202
4316.0 90.95847967
4317.0 91.20896565
4318.0 90.86716453
4319.0 91.24839534
4319.0 91.38976166
4320.0 91.45986018
4321.0 91.37178406
4322.0 91.83472856
4323.0 91.58477888
4323.0 91.23124895
4324.0 91.78833079
4325.0 91.38664063
4326.0 91.33085424
4326.0 91.66387189
4327.0 91.92348119
4328.0 92.07597145
4329.0 91.82445956
4330.0 91.87340501
4330.0 91.69508903
4331.0 92.13349225
4332.0 91.72264175
4333.0 92.04752243
4334.0 91.94825216
4334.0 91.93278707
4335.0 91.93935879
4336.0 92.2717286
4337.0 91.7982743
4337.0 92.12622135
4338.0 92.30920821
4339.0 92.18892576
4340.0 92.02836292
4341.0 92.17070066
4341.0 92.26577497
4342.0 91.90823
4343.0 91.44849873
4344.0 91.83413602
4344.0 91.89598041
4345.0 92.05881447
4346.0 92.30634978
4347.0 92.0776038
4348.0 92.14275479
4348.0 92.12538852
4349.0 92.07055653
4350.0 92.02480899
4351.0 91.92343604
4351.0 92.23090677
4352.0 92.41774696
4353.0 91.95979386
4354.0 92.21826518
4355.0 92.27669302
4355.0 92.33119119
4356.0 92.29913221
4357.0 92.4602001
4358.0 91.96622927
4358.0 92.22331785
4359.0 91.8864612
4360.0 91.83338234
4361.0 92.09517045
4362.0 92.10697052
4362.0 92.11404644
4363.0 91.81628646
4364.0 92.05055241
4365.0 91.96682057
4365.0 91.56870448
4366.0 91.62004415
4367.0 91.63056837
4368.0 91.70160358
4369.0 91.33236604
4369.0 91.48363242
4370.0 91.56511805
4371.0 91.21199083
4372.0 91.06389799
4372.0 91.60229729
4373.0 90.69426872
4374.0 90.52738458
4375.0 90.73274146
4375.0 90.58096045
4376.0 90.26193808
4377.0 90.56789877
4378.0 89.98088863
4379.0 89.88246003
4379.0 89.83830292
4380.0 89.4979336
4381.0 89.51373331
4382.0 89.19145082
4382.0 88.90068308
4383.0 89.29186386
4384.0 88.92862406
4385.0 88.56775662
4386.0 88.90624539
4386.0 88.87558517
4387.0 88.35675422
4388.0 88.10122372
4389.0 87.9101648
4389.0 87.90508581
4390.0 87.89431717
4391.0 88.07027818
4392.0 87.33829032
4392.0 87.48044427
4393.0 87.07224335
4394.0 87.35565203
4395.0 86.89225341
4396.0 86.73323409
4396.0 86.52477488
4397.0 86.00356438
4398.0 86.46302932
4399.0 86.16025475
4399.0 86.47105349
4400.0 86.19867066
4401.0 86.02934825
4402.0 85.97217431
4402.0 86.2608257
4403.0 86.11251261
4404.0 85.70352074
4405.0 85.80197604
4406.0 85.5275287
4406.0 86.21589761
4407.0 85.398639
4408.0 85.28133099
4409.0 85.14202172
4410.0 85.78433427
4410.0 85.71667433
4411.0 85.83263598
4412.0 86.44096274
4413.0 86.11204153
4413.0 86.08288379
4414.0 86.60177139
4415.0 85.5171267
4416.0 86.01087904
4417.0 87.36605095
4417.0 85.63561077
4418.0 86.51638835
4419.0 87.29431368
4420.0 86.781514
4421.0 87.52127527
4421.0 86.45811895
4422.0 87.66075342
4423.0 87.06551767
4424.0 87.24103913
4425.0 87.09915828
4425.0 87.28667542
4426.0 86.67183104
4427.0 87.61486708
4428.0 88.09748492
4429.0 87.3230242
4429.0 88.46956735
4430.0 88.62921348
4431.0 87.94481639
4432.0 88.21847298
4433.0 89.64376175
4433.0 89.12593794
4434.0 89.59241011
4435.0 89.8101369
4436.0 89.21418188
4437.0 90.18387438
4437.0 90.02150712
4438.0 90.25238635
4439.0 90.26473446
4440.0 90.05214601
4440.0 90.74059151
4441.0 90.76674085
4442.0 90.68739705
4443.0 91.18429539
4444.0 90.41068421
4444.0 91.22138935
4445.0 91.25702811
4446.0 91.62932138
4447.0 90.97448534
4448.0 91.1387872
4448.0 91.29412702
4449.0 91.37649077
4450.0 92.02886993
4451.0 91.89641434
4452.0 91.43083317
4452.0 91.69202798
4453.0 92.80095352
4454.0 91.97599115
4455.0 91.89477006
4456.0 92.16555217
4456.0 91.72213956
4457.0 92.21646836
4458.0 92.60207095
4459.0 91.63138915
4459.0 91.55519049
4460.0 91.72213956
4461.0 91.83266153
4462.0 92.12102235
4463.0 91.42400499
4463.0 91.7993039
4464.0 91.40113826
4465.0 90.87209302
4466.0 91.90198366
4467.0 92.27391085
4467.0 91.32856314
4468.0 90.70872782
4469.0 91.28673918
4470.0 90.78612717
4471.0 90.64892103
4471.0 91.52542373
4472.0 91.20190645
4473.0 91.13048823
4474.0 90.03279189
4474.0 91.16225547
4475.0 90.62559422
4476.0 90.49380362
4477.0 90.50091631
4478.0 90.68848973
4478.0 90.60469383
4479.0 90.53956698
4480.0 89.72932046
4481.0 89.71181013
4482.0 90.36112687
4482.0 90.19910422
4483.0 89.48515596
4484.0 90.37193353
4485.0 89.54429621
4486.0 89.83445325
4486.0 88.86534315
4487.0 89.3854124
4488.0 89.90860054
4489.0 89.41834452
4490.0 90.26492537
4490.0 89.29670411
4491.0 88.94865707
4492.0 89.48927817
4493.0 89.12979133
4493.0 88.99797011
4494.0 89.03371118
4495.0 89.35448174
4496.0 89.04436609
4497.0 88.56724611
4497.0 88.68549961
4498.0 89.08977556
4499.0 88.59588164
4500.0 88.72695153
4501.0 88.85811131
4501.0 89.0816588
4502.0 88.76761335
4503.0 88.99632847
4504.0 88.75131622
4504.0 88.95987733
4505.0 88.60828291
4506.0 88.94979804
4507.0 89.02332679
4508.0 88.45987454
4508.0 88.26316356
4509.0 88.60841424
4510.0 88.63416209
4511.0 88.83453237
4512.0 88.79041229
4512.0 88.9035998
4513.0 88.22900709
4514.0 88.62680824
4515.0 88.54362726
4516.0 88.41843088
4516.0 88.98274751
4517.0 87.95048241
4518.0 88.24779513
4519.0 88.92860935
4519.0 88.19615574
4520.0 89.24434053
4521.0 88.56870431
4522.0 88.2552804
4523.0 89.38596801
4523.0 88.37339884
4524.0 88.97306397
4525.0 88.9619474
4526.0 88.65307545
4527.0 88.53454292
4527.0 88.93409842
4528.0 88.86963153
4529.0 88.69670711
4530.0 88.84748006
4530.0 88.78759626
4531.0 88.56520838
4532.0 89.82175059
4533.0 88.82413793
4534.0 89.32279988
4534.0 88.57142857
4535.0 88.79135951
4536.0 89.43956647
4537.0 89.33392723
4538.0 89.19636475
4538.0 89.9242606
4539.0 89.0468056
4540.0 89.23547401
4541.0 89.02248489
4541.0 89.90778863
4542.0 88.88476714
4543.0 89.20360555
4544.0 89.52906151
4545.0 89.30088317
4545.0 89.5021097
4546.0 89.63648603
4547.0 89.5224974
4548.0 89.65180824
4549.0 90.38169485
4549.0 89.71247075
4550.0 90.70219541
4551.0 90.06713203
4552.0 89.81968195
4552.0 89.69374168
4553.0 90.33333333
4554.0 89.58056368
4555.0 90.59160369
4556.0 89.94735274
4556.0 90.11529948
4557.0 90.62304166
4558.0 89.78281521
4559.0 90.00359465
4559.0 90.50144966
4560.0 90.491481
4561.0 90.83944366
4562.0 90.5104499
4563.0 90.83683508
4563.0 90.7799107
4564.0 91.31057376
4565.0 90.95368024
4566.0 90.93882574
4567.0 90.72894779
4567.0 90.8685825
4568.0 91.67151821
4569.0 91.46282197
4570.0 90.57433625
4570.0 91.76875342
4571.0 91.10356754
4572.0 91.74860227
4573.0 91.42501675
4574.0 91.67677671
4574.0 91.58330679
4575.0 91.83965869
4576.0 92.06647952
4577.0 91.6687761
4577.0 92.20775095
4578.0 92.06976083
4579.0 92.52422266
4580.0 93.14516129
4581.0 91.47159825
4581.0 92.09117814
4582.0 92.17282011
4583.0 92.14672885
4584.0 92.43681689
4585.0 92.33602847
4585.0 92.14672806
4586.0 92.11192747
4587.0 93.24612585
4588.0 92.45083724
4588.0 92.49829012
4589.0 92.26510794
4590.0 93.07056777
4591.0 92.96359411
4592.0 93.12967658
4592.0 92.98142232
4593.0 93.0677093
4594.0 92.50253293
4595.0 93.04862267
4595.0 93.13539047
4596.0 92.88628486
4597.0 92.99363057
4598.0 92.82542793
4599.0 92.64343327
4599.0 92.92534855
4600.0 92.51172422
4601.0 92.28482146
4602.0 92.24536687
4602.0 92.60472594
4603.0 92.28956432
4604.0 92.86102719
4605.0 93.30204391
4606.0 92.3428709
4606.0 92.61548667
4607.0 92.44042975
4608.0 93.21047234
4609.0 93.04043663
4609.0 92.00155252
4610.0 92.01384744
4611.0 92.54985201
4612.0 92.2083321
4613.0 92.16703952
4613.0 91.56330482
4614.0 92.42676333
4615.0 92.52555177
4616.0 92.66251113
4617.0 91.6041538
4617.0 92.56071228
4618.0 91.53140438
4619.0 92.18400283
4620.0 91.98016316
4620.0 91.58153558
4621.0 91.7675047
4622.0 91.67977168
4623.0 91.8997669
4624.0 92.02784574
4624.0 91.80198598
4625.0 91.78930836
4626.0 91.88148839
4627.0 91.22183709
4627.0 91.45725744
4628.0 91.66907975
4629.0 91.67052827
4630.0 91.52249135
4630.0 91.61609156
4631.0 91.289884
4632.0 91.50148163
4633.0 91.98520702
4634.0 91.60510794
4634.0 90.862726
4635.0 91.27095572
4636.0 91.04072657
4637.0 91.14653132
4637.0 91.22926802
4638.0 91.07741239
4639.0 90.76953635
4640.0 91.08500738
4641.0 90.91988802
4641.0 91.19710342
4642.0 91.23673515
4643.0 91.61749344
4644.0 91.25246271
4644.0 90.92568156
4645.0 91.01186636
4646.0 91.02412688
4647.0 91.26346719
4648.0 90.6455386
4648.0 91.14224982
4649.0 91.26593603
4650.0 91.1517205
4651.0 92.00490292
4651.0 90.52771031
4652.0 90.85923218
4653.0 91.10803324
4654.0 90.88068575
4655.0 90.88271861
4655.0 91.69291121
4656.0 91.01262689
4657.0 91.36525656
4658.0 91.54771364
4658.0 91.35396094
4659.0 91.24914113
4660.0 90.82999209
4661.0 91.29199672
4662.0 91.09909024
4662.0 90.7177814
4663.0 91.26411757
4664.0 91.19120209
4665.0 91.29362671
4665.0 91.18994065
4666.0 91.82427482
4667.0 91.17044229
4668.0 91.13244998
4668.0 91.25265621
4669.0 91.8026167
4670.0 91.82261783
4671.0 91.78439061
4672.0 91.34311573
4672.0 91.47379942
4673.0 91.02840561
4674.0 91.08023786
4675.0 92.04251805
4675.0 90.94632806
4676.0 90.98232917
4677.0 91.19572935
4678.0 90.88385374
4679.0 91.81551163
4679.0 91.78064211
4680.0 91.20801135
4681.0 90.76159373
4682.0 90.95537742
4682.0 91.52729859
4683.0 91.50978027
4684.0 91.38818488
4685.0 91.27335172
4685.0 91.77140767
4686.0 91.3120475
4687.0 91.89322788
4688.0 91.42232744
4689.0 90.79235748
4689.0 91.00932118
4690.0 90.77423183
4691.0 91.13786969
4692.0 90.95543369
4692.0 91.45888183
4693.0 90.83838176
4694.0 90.99664455
4695.0 91.3782495
4695.0 91.42798586
4696.0 90.81523402
4697.0 91.14136659
4698.0 90.76457422
4699.0 90.62436651
4699.0 91.143855
4700.0 90.77238551
4701.0 90.36880077
4702.0 90.85051873
4702.0 90.35913968
4703.0 90.66186107
4704.0 90.87583876
4705.0 90.93885363
4705.0 90.69615809
4706.0 90.52826506
4707.0 90.876798
4708.0 90.22312979
4709.0 90.61292654
4709.0 90.71745654
4710.0 90.27388772
4711.0 90.78486422
4712.0 91.10956591
4712.0 90.60376146
4713.0 90.25216687
4714.0 89.95132983
4715.0 90.92900748
4715.0 90.83169291
4716.0 90.43738648
4717.0 91.046021
4718.0 90.09477747
4719.0 90.90241754
4719.0 91.04177891
4720.0 91.15970744
4721.0 90.35185906
4722.0 90.8282298
4722.0 91.35131181
4723.0 90.86021505
4724.0 91.14712009
4725.0 90.52147535
4725.0 90.75856758
4726.0 91.43381997
4727.0 91.41748789
4728.0 91.62971175
4728.0 91.58294477
4729.0 91.11254419
4730.0 90.93602887
4731.0 91.37675972
4732.0 91.77287426
4732.0 91.85431573
4733.0 91.53577454
4734.0 91.72944839
4735.0 91.54138013
4735.0 92.08296746
4736.0 91.80095459
4737.0 92.15222227
4738.0 91.95221185
4738.0 91.93300735
4739.0 92.42139399
4740.0 92.59503044
4741.0 91.94632444
4741.0 92.48515572
4742.0 92.45941577
4743.0 92.59285116
4744.0 92.5949205
4745.0 93.34857036
4745.0 92.54708686
4746.0 92.72188527
4747.0 92.97590613
4748.0 92.92511664
4748.0 93.11103902
4749.0 92.9054676
4750.0 92.76551724
4751.0 92.52802279
4751.0 92.55182829
4752.0 93.19147958
4753.0 93.11007411
4754.0 93.50307086
4754.0 92.94547948
4755.0 93.08379685
4756.0 93.69075085
4757.0 93.24622202
4758.0 93.31543502
4758.0 93.25368939
4759.0 93.37802337
4760.0 93.32609875
4761.0 93.28686472
4761.0 93.1246191
4762.0 93.7918098
4763.0 93.68323585
4764.0 92.93874247
4764.0 93.65125805
4765.0 93.29389004
4766.0 93.13101904
4767.0 93.64737067
4767.0 93.05208147
4768.0 93.40988964
4769.0 93.55724169
4770.0 92.77357192
4770.0 93.15931193
4771.0 92.87078153
4772.0 92.9516398
4773.0 93.30873199
4774.0 93.05115186
4774.0 92.76282433
4775.0 93.06135987
4776.0 93.23071463
4777.0 93.02315316
4777.0 92.72135187
4778.0 93.37703037
4779.0 92.62935493
4780.0 92.70422041
4780.0 92.56693052
4781.0 92.30398493
4782.0 93.0126982
4783.0 92.63815746
4783.0 92.27110064
4784.0 92.43453382
4785.0 91.77440347
4786.0 92.73303796
4786.0 92.47440645
4787.0 92.20366123
4788.0 92.39900857
4789.0 92.29836527
4789.0 91.56009678
4790.0 92.12871287
4791.0 92.39434179
4792.0 92.27348885
4792.0 91.90372931
4793.0 91.31020042
4794.0 91.62525703
4795.0 91.97389537
4796.0 91.55191187
4796.0 91.66737813
4797.0 90.93959732
4798.0 90.61436351
4799.0 91.42059738
4799.0 91.31494194
4800.0 90.99446694
4801.0 90.3944462
4802.0 90.59839865
4802.0 90.88208024
4803.0 90.68771517
4804.0 90.10158132
4805.0 90.42577724
4805.0 90.46595132
4806.0 90.7954071
4807.0 90.05496215
4808.0 90.19693201
4808.0 90.14221743
4809.0 90.49308192
4810.0 90.37780034
4811.0 89.80517472
4811.0 89.91968699
4812.0 89.95699677
4813.0 89.90897163
4814.0 90.6148468
4814.0 89.96189618
4815.0 89.77924312
4816.0 90.08732013
4817.0 89.93052018
4817.0 89.6225646
4818.0 89.31199935
4819.0 89.50711227
4820.0 89.50456191
4820.0 89.30252288
4821.0 90.36560965
4822.0 89.54385681
4823.0 89.59977452
4823.0 89.44278587
4824.0 89.34630038
4825.0 89.10962326
4826.0 88.98706468
4826.0 89.71682265
4827.0 89.5007269
4828.0 89.4095147
4829.0 89.71289963
4829.0 89.22010193
4830.0 89.13507531
4831.0 89.90084902
4832.0 89.20315047
4832.0 88.96799953
4833.0 88.88039366
4834.0 89.53351396
4835.0 88.94529267
4835.0 89.5134015
4836.0 89.40724264
4837.0 89.34244766
4838.0 89.79719311
4839.0 89.75223032
4839.0 89.70665219
4840.0 89.14271394
4841.0 89.27336976
4842.0 89.87334429
4842.0 89.86782441
4843.0 89.28159816
4844.0 89.44234929
4845.0 89.45194477
4845.0 89.64177734
4846.0 89.5737393
4847.0 89.70013535
4848.0 90.07297886
4848.0 89.92485494
4849.0 89.93711883
4850.0 89.587693
4851.0 89.87787208
4851.0 89.56213731
4852.0 90.36235153
4853.0 90.28865476
4854.0 90.52647373
4854.0 90.42593079
4855.0 90.69129071
4856.0 89.93032977
4857.0 90.57860465
4857.0 89.96805584
4858.0 90.48473636
4859.0 90.4565543
4859.0 90.08488152
4860.0 90.48615317
4861.0 90.69074592
4862.0 90.13021118
4862.0 90.45897488
4863.0 90.6946193
4864.0 90.45917065
4865.0 91.31799927
4865.0 90.98014979
4866.0 90.5040968
4867.0 91.63544212
4868.0 91.07614852
4868.0 90.76419885
4869.0 90.92183792
4870.0 91.18930862
4871.0 91.48661491
4871.0 91.31889764
4872.0 91.03734884
4873.0 91.72550632
4874.0 91.28548826
4874.0 91.40184589
4875.0 91.4295321
4876.0 91.5686344
4877.0 91.4599186
4877.0 91.6203385
4878.0 92.28421352
4879.0 92.10767873
4880.0 91.92172515
4880.0 91.74173118
4881.0 91.44162277
4882.0 91.57025083
4883.0 92.15641835
4883.0 91.97394684
4884.0 92.22754595
4885.0 91.52010812
4886.0 91.97838736
4886.0 92.16732417
4887.0 92.02559301
4888.0 92.00946361
4889.0 92.53132746
4889.0 92.43500043
4890.0 92.68615877
4891.0 92.44843418
4892.0 92.73540143
4892.0 92.0467916
4893.0 92.43198148
4894.0 92.57213744
4895.0 92.64003806
4895.0 93.09108214
4896.0 92.75943795
4897.0 92.63342436
4898.0 92.79492076
4898.0 92.42388601
4899.0 92.54031582
4900.0 92.63845603
4900.0 92.25545972
4901.0 93.24639419
4902.0 92.91538653
4903.0 92.9020486
4903.0 92.83204614
4904.0 93.41061522
4905.0 92.87751636
4906.0 92.55598608
4906.0 92.85153181
4907.0 92.59459018
4908.0 92.84792446
4909.0 92.71620214
4909.0 92.56984057
4910.0 92.85679576
4911.0 92.97337638
4912.0 93.19777411
4912.0 92.56181076
4913.0 93.17368743
4914.0 92.98625827
4915.0 93.10538657
4915.0 92.61705163
4916.0 92.81993749
4917.0 93.25059177
4918.0 93.1632913
4918.0 92.86146016
4919.0 92.84079349
4920.0 93.47438753
4920.0 92.81678773
4921.0 92.38089246
4922.0 92.75298346
4923.0 92.10436958
4923.0 92.54202671
4924.0 92.73357638
4924.0 93.12604049
4925.0 93.26156157
4926.0 93.07200971
4927.0 92.86196963
4927.0 92.61971032
4928.0 92.6486716
4929.0 91.88551714
4930.0 92.55467249
4930.0 92.19758136
4931.0 92.77376124
4932.0 92.63444162
4933.0 92.72468904
4933.0 92.46011637
4934.0 92.63126648
4935.0 92.70216619
4936.0 92.47811483
4937.0 91.98980742
4937.0 92.43457684
4938.0 92.14646116
4939.0 92.46511306
4940.0 92.48938887
4940.0 92.26937397
4941.0 92.32300353
4942.0 92.04638893
4943.0 92.38192843
4943.0 91.90887667
4944.0 91.74005621
4945.0 91.76741899
4946.0 92.20942266
4946.0 92.24461384
4947.0 91.72707961
4948.0 92.34234234
4949.0 92.08221536
4949.0 91.6194543
4950.0 92.39413873
4951.0 91.60180117
4952.0 91.66777586
4952.0 91.92172604
4953.0 91.95479056
4954.0 91.50398589
4955.0 91.73915213
4955.0 91.87361548
4956.0 91.25867195
4957.0 91.49996699
4958.0 91.9499727
4958.0 91.71500818
4959.0 91.59863611
4960.0 91.22449984
4961.0 91.3417581
4961.0 91.30783064
4962.0 91.56129831
4963.0 91.28013029
4964.0 91.70536951
4964.0 91.34582568
4965.0 91.51075391
4966.0 91.13239911
4967.0 90.88207745
4967.0 90.77971893
4968.0 91.32863971
4969.0 90.91421667
4970.0 91.28244618
4970.0 91.24082904
4971.0 91.08793515
4972.0 90.6200698
4973.0 90.38596045
4974.0 91.25602016
4974.0 90.99740003
4975.0 90.79341911
4976.0 91.05862572
4977.0 90.48234756
4977.0 90.5041884
4978.0 90.3007507
4979.0 89.98838049
4980.0 90.77713511
4980.0 90.12436334
4981.0 90.57740769
4982.0 90.25967939
4983.0 90.32826236
4983.0 90.59358172
4984.0 90.23760652
4985.0 90.70937004
4986.0 90.4296784
4986.0 90.57349114
4987.0 90.13253646
4988.0 90.07207124
4989.0 90.24473095
4989.0 90.12899952
4990.0 90.34053348
4991.0 90.313622
4992.0 89.63582017
4992.0 90.4185562
4993.0 90.22871567
4994.0 89.82230877
4995.0 90.30508888
4995.0 89.73859887
4996.0 90.01849269
4997.0 89.58097737
4998.0 90.18773391
4998.0 90.15669429
4999.0 90.22316043
5000.0 89.92928077
5001.0 89.92420263
5001.0 90.058102
5002.0 89.74228577
5003.0 90.30910235
5004.0 89.769551
5004.0 89.75273419
5005.0 89.86882418
5006.0 89.99317649
5007.0 90.04869097
5007.0 90.66837243
5008.0 90.15739304
5009.0 89.65766457
5010.0 90.10883954
5010.0 89.36323001
5011.0 89.98914096
5012.0 89.86236452
5013.0 90.41896862
5013.0 89.88594603
5014.0 89.94788331
5015.0 89.90158198
5016.0 89.77568436
5016.0 90.10770192
5017.0 90.14544031
5018.0 90.26766456
5019.0 89.81652169
5019.0 89.84868137
5020.0 90.44130397
5021.0 90.18661982
5022.0 90.34528324
5022.0 90.23019887
5023.0 90.34011849
5024.0 90.76360508
5025.0 90.70709674
5025.0 90.49879198
5026.0 90.83454758
5027.0 90.70307051
5028.0 90.72434894
5028.0 90.6015891
5029.0 90.51166216
5030.0 90.71546146
5031.0 90.87980103
5031.0 90.38450688
5032.0 90.85709444
5033.0 90.92913828
5034.0 90.81924284
5034.0 91.05646477
5035.0 91.02249288
5036.0 91.21389873
5037.0 91.15522709
5037.0 90.98686606
5038.0 90.93440249
5039.0 90.89025476
5040.0 91.08884714
5040.0 91.06984356
5041.0 91.5151431
5042.0 91.52955515
5043.0 91.13707294
5043.0 91.2189997
5044.0 91.10921549
5045.0 91.27548145
5046.0 91.72812108
5046.0 91.70913287
5047.0 91.36447112
5048.0 91.62145871
5049.0 91.63825563
5049.0 91.60873544
5050.0 91.6572579
5051.0 91.19889308
5052.0 91.62052869
5052.0 91.8333582
5053.0 91.46367898
5054.0 91.66542277
5054.0 91.71469546
5055.0 92.07335985
5056.0 91.79200861
5057.0 92.20845885
5057.0 91.9885782
5058.0 92.01993669
5059.0 92.02311674
5060.0 92.18401911
5060.0 92.31109503
5061.0 91.93216168
5062.0 92.1699836
5063.0 92.20605899
5063.0 92.26223035
5064.0 91.80961232
5065.0 92.13745522
5066.0 92.35218594
5066.0 92.32179145
5067.0 92.48021633
5068.0 92.48141227
5069.0 92.51143847
5069.0 92.57470809
5070.0 92.07706249
5071.0 92.23657215
5072.0 92.3245614
5072.0 92.60277577
5073.0 92.67874216
5074.0 92.36416457
5075.0 92.32338289
5075.0 92.22061185
5076.0 92.23042951
5077.0 92.74035573
5078.0 92.5921104
5078.0 92.76072341
5079.0 92.09191944
5080.0 92.60089105
5081.0 92.43275429
5081.0 92.45828813
5082.0 92.50077672
5083.0 91.90459027
5084.0 92.37662371
5084.0 92.011895
5085.0 92.50549648
5086.0 92.31005805
5086.0 92.40363538
5087.0 92.06150545
5088.0 92.36282653
5089.0 92.87852811
5089.0 92.5007664
5090.0 92.05372132
5091.0 92.30612634
5092.0 92.50143175
5092.0 92.42866943
5093.0 92.18374218
5094.0 92.33529897
5095.0 92.38676883
5095.0 92.43129447
5096.0 92.34114977
5097.0 92.1283129
5098.0 92.11151771
5098.0 92.15634607
5099.0 92.22268217
5100.0 92.44097057
5101.0 92.12352794
5101.0 92.08319272
5102.0 92.17863095
5103.0 92.42088944
5104.0 92.09124624
5104.0 92.42757243
5105.0 92.46571076
5106.0 91.98340022
5107.0 92.02135566
5107.0 92.05086065
5108.0 92.61405228
5109.0 92.32074514
5109.0 91.9995066
5110.0 91.83374565
5111.0 92.19668165
5112.0 92.25455307
5112.0 91.96722925
5113.0 92.13548212
5114.0 91.80556746
5115.0 91.84690753
5115.0 91.8832364
5116.0 91.9670405
5117.0 92.16709864
5118.0 91.89752719
5118.0 91.91681405
5119.0 92.29004746
5120.0 91.48980087
5121.0 91.95972549
5121.0 91.90979015
5122.0 91.91621487
5123.0 92.19598969
5124.0 92.56695319
5124.0 91.79139637
5125.0 91.84541577
5126.0 92.25496833
5126.0 92.00410727
5127.0 92.46634824
5128.0 91.61429363
5129.0 92.05984582
5129.0 91.91357211
5130.0 91.99894439
5131.0 91.92352899
5132.0 92.14237904
5132.0 92.08227266
5133.0 91.58789381
5134.0 91.89693935
5135.0 92.20782315
5135.0 91.75220859
5136.0 91.78155328
5137.0 91.91619246
5138.0 91.99776627
5138.0 92.00417834
5139.0 91.70727081
5140.0 92.01629424
5140.0 91.81825733
5141.0 92.21941649
5142.0 91.99407056
5143.0 91.7361013
5143.0 91.87843022
5144.0 91.88722534
5145.0 91.74968793
5146.0 92.23234597
5146.0 92.08408239
5147.0 91.75636928
5148.0 91.85834889
5149.0 92.12161718
5149.0 91.71627449
5150.0 91.54827469
5151.0 92.20929824
5151.0 91.73259079
5152.0 91.6560636
5153.0 91.25441696
5154.0 91.80064496
5154.0 91.82833559
5155.0 91.5019166
5156.0 91.65661393
5157.0 91.97165098
5157.0 91.58476658
5158.0 91.64724075
5159.0 91.43973806
5160.0 91.73590864
5160.0 91.54942571
5161.0 91.35852275
5162.0 91.76881652
5163.0 91.93371947
5163.0 91.51041068
5164.0 91.55742786
5165.0 91.14928706
5165.0 92.16899214
5166.0 91.38685464
5167.0 91.42730031
5168.0 91.16173433
5168.0 91.50877674
5169.0 91.37273648
5170.0 91.16950272
5171.0 91.5983256
5171.0 91.30677354
5172.0 91.44583385
5173.0 91.70227273
5173.0 91.40093116
5174.0 91.44945603
5175.0 91.41404397
5176.0 91.53002989
5176.0 91.20343743
5177.0 91.92521968
5178.0 91.40011968
5179.0 91.38394413
5179.0 91.52637865
5180.0 91.6550405
5181.0 90.88141474
5182.0 91.5621347
5182.0 91.48857361
5183.0 91.3378507
5184.0 91.48273467
5184.0 91.48044224
5185.0 91.17000257
5186.0 91.64365645
5187.0 91.23162809
5187.0 91.45408732
5188.0 91.28033845
5189.0 91.15944279
5190.0 91.64906273
5190.0 91.66638869
5191.0 91.26139481
5192.0 91.0784096
5192.0 91.51679222
5193.0 91.31650803
5194.0 91.3543328
5195.0 91.32430698
5195.0 91.56566605
5196.0 91.40718035
5197.0 90.89525574
5198.0 91.08396812
5198.0 91.21235793
5199.0 91.630479
5200.0 91.09010989
5201.0 91.63825706
5201.0 91.15930763
5202.0 91.45470479
5203.0 91.49008623
5203.0 91.41657121
5204.0 91.5460627
5205.0 91.59387929
5206.0 91.08934674
5206.0 91.20294688
5207.0 91.30392082
5208.0 91.38141277
5209.0 90.7929358
5209.0 91.28665027
5210.0 91.46853602
5211.0 91.50551886
5211.0 91.62379404
5212.0 91.4374642
5213.0 91.57779393
5214.0 91.47325442
5214.0 91.3705803
5215.0 91.58934967
5216.0 91.82837313
5217.0 91.83704246
5217.0 91.54759596
5218.0 91.08744756
5219.0 91.35608876
5219.0 91.49498378
5220.0 91.56316089
5221.0 91.92097844
5222.0 91.79104478
5222.0 91.50390416
5223.0 91.90168093
5224.0 91.77987173
5224.0 91.64786277
5225.0 91.94103089
5226.0 91.22590397
5227.0 92.0793137
5227.0 92.04463029
5228.0 92.07742732
5229.0 91.96697096
5230.0 92.16464778
5230.0 92.23548215
5231.0 92.20353766
5232.0 91.86672733
5232.0 91.86045276
5233.0 91.99568021
5234.0 91.91015282
5235.0 91.8004187
5235.0 91.95407164
5236.0 91.95863901
5237.0 92.27201166
5238.0 92.51674054
5238.0 91.97815867
5239.0 92.19915701
5240.0 92.29838243
5240.0 92.15228234
5241.0 92.46477091
5242.0 92.25042727
5243.0 92.1779109
5243.0 92.02776962
5244.0 92.23849022
5245.0 92.2626788
5245.0 92.13436086
5246.0 91.87505868
5247.0 92.05165591
5248.0 92.44730618
5248.0 91.87432062
5249.0 92.3512512
5250.0 91.99287886
5251.0 91.96344187
5251.0 91.83997839
5252.0 91.97750917
5253.0 92.0301002
5253.0 92.08197436
5254.0 92.15347822
5255.0 92.18621586
5256.0 91.98009538
5256.0 92.0606777
5257.0 91.98466162
5258.0 92.11408701
5258.0 92.15944297
5259.0 91.72420199
5260.0 92.00897659
5261.0 92.16488682
5261.0 92.08899621
5262.0 92.12077419
5263.0 91.83648265
5263.0 91.52385364
5264.0 92.07335931
5265.0 91.68449638
5266.0 91.83974273
5266.0 91.92933913
5267.0 91.69901063
5268.0 91.69350441
5269.0 91.52932001
5269.0 91.77113568
5270.0 91.81647824
5271.0 91.25117688
5271.0 91.53500374
5272.0 91.26316975
5273.0 91.6125796
5274.0 91.25621051
5274.0 90.83979578
5275.0 91.20485137
5276.0 90.93513883
5276.0 91.26610821
5277.0 91.0829777
5278.0 91.13665598
5279.0 90.97483603
5279.0 91.02226038
5280.0 90.72293936
5281.0 91.19187382
5281.0 90.56973462
5282.0 90.51054891
5283.0 90.71644188
5284.0 90.58429061
5284.0 90.93641478
5285.0 90.46580954
5286.0 90.2303737
5286.0 90.80949483
5287.0 90.51929249
5288.0 89.98230088
5289.0 90.516131
5289.0 90.63283715
5290.0 90.69273483
5291.0 90.48678158
5291.0 90.42232201
5292.0 90.32528115
5293.0 90.22913356
5294.0 90.05799086
5294.0 90.61991942
5295.0 90.20203952
5296.0 90.50156645
5296.0 90.37110023
5297.0 90.30299985
5298.0 90.09650435
5299.0 89.97081214
5299.0 90.38364919
5300.0 90.35806319
5301.0 90.29375225
5301.0 90.14910755
5302.0 90.2037751
5303.0 89.85278391
5304.0 90.18736392
5304.0 90.01659071
5305.0 90.13979031
5306.0 90.53101151
5306.0 89.68267385
5307.0 90.22423759
5308.0 90.01472959
5309.0 89.98887653
5309.0 89.98754174
5310.0 89.9473841
5311.0 90.3557485
5311.0 90.51226408
5312.0 90.33994953
5313.0 90.35279673
5314.0 90.25472082
5314.0 89.84686095
5315.0 90.38165072
5316.0 90.21123285
5316.0 90.52342635
5317.0 90.24691236
5318.0 90.45642744
5319.0 90.49128837
5319.0 90.47929637
5320.0 90.00235701
5321.0 90.47998662
5321.0 90.64814176
5322.0 90.62970804
5323.0 90.51291372
5324.0 90.49772418
5324.0 90.6874072
5325.0 90.84255939
5326.0 90.96719007
5326.0 90.72348024
5327.0 91.26726999
5328.0 91.16450472
5328.0 90.55195251
5329.0 90.53964284
5330.0 90.83274537
5331.0 91.12362195
5331.0 91.1466745
5332.0 91.03479342
5333.0 90.9218082
5333.0 91.06058977
5334.0 90.76762372
5335.0 90.87428393
5336.0 91.2524288
5336.0 91.22943866
5337.0 91.54224974
5338.0 91.08268464
5338.0 91.23800076
5339.0 91.01467587
5340.0 91.21678023
5341.0 91.39883268
5341.0 91.64935888
5342.0 91.15701114
5343.0 91.2952653
5343.0 91.5120909
5344.0 91.52005903
5345.0 91.37578197
5345.0 91.52272485
5346.0 91.16820437
5347.0 91.35041343
5348.0 91.55256889
5348.0 91.31015525
5349.0 91.47082149
5350.0 90.96948248
5350.0 91.7039707
5351.0 91.16561105
5352.0 91.5076299
5353.0 91.09955724
5353.0 91.43245956
5354.0 91.27668803
5355.0 91.41020328
5355.0 91.11490527
5356.0 91.084767
5357.0 91.22302297
5357.0 91.46062447
5358.0 91.56169344
5359.0 90.63772179
5360.0 91.5700027
5360.0 91.29921033
5361.0 91.16693213
5362.0 90.81678549
5362.0 90.95867784
5363.0 90.96333043
5364.0 91.0893844
5365.0 90.97257528
5365.0 91.33989751
5366.0 90.98876232
5367.0 91.40318863
5367.0 91.18771011
5368.0 91.33975473
5369.0 90.91787347
5369.0 90.72216171
5370.0 90.78150561
5371.0 91.09544427
5372.0 90.93748508
5372.0 91.05387357
5373.0 90.77618516
5374.0 90.61308692
5374.0 90.93140286
5375.0 90.89256655
5376.0 90.9454642
5376.0 90.70680006
5377.0 90.49954931
5378.0 90.43443603
5379.0 90.32676152
5379.0 91.01925599
5380.0 90.76779756
5381.0 90.41226957
5381.0 90.50919351
5382.0 90.3535669
5383.0 90.71998337
5383.0 90.81869847
5384.0 90.3344178
5385.0 90.96535946
5386.0 90.65226227
5386.0 90.49667839
5387.0 90.82640086
5388.0 90.02452136
5388.0 90.23660259
5389.0 90.02952747
5390.0 90.2486509
5390.0 90.48785331
5391.0 90.27321582
5392.0 90.21870629
5393.0 90.51627916
5393.0 90.27346735
5394.0 90.51916389
5395.0 90.54033586
5395.0 89.90714232
5396.0 90.35050456
5397.0 89.81237284
5397.0 89.96849235
5398.0 89.94380806
5399.0 90.19042232
5399.0 90.05907459
5400.0 89.74049601
5401.0 89.79192166
5402.0 89.66117975
5402.0 89.58622761
5403.0 89.80614061
5404.0 89.597246
5404.0 89.63331016
5405.0 89.35365499
5406.0 89.88462444
5406.0 89.43086379
5407.0 89.53530953
5408.0 89.50609148
5409.0 88.87815855
5409.0 89.31467508
5410.0 89.2530116
5411.0 89.03758329
5411.0 89.32000526
5412.0 89.12085754
5413.0 89.18004436
5413.0 88.91323893
5414.0 89.04317802
5415.0 88.64305544
5415.0 88.92715108
5416.0 88.26052423
5417.0 88.72508694
5418.0 88.70546129
5418.0 88.78158684
5419.0 88.16538192
5420.0 88.22947853
5420.0 88.25437481
5421.0 88.05477968
5422.0 88.01154568
5422.0 88.20412169
5423.0 88.07878369
5424.0 87.8427088
5424.0 87.8366516
5425.0 87.75837624
5426.0 87.51025966
5427.0 87.48822855
5427.0 87.53525256
5428.0 87.83312287
5429.0 87.50046626
5429.0 87.13921032
5430.0 87.20046974
5431.0 87.25594208
5431.0 87.14420323
5432.0 87.17007094
5433.0 86.64961875
5433.0 86.65885177
5434.0 86.71563386
5435.0 86.44479387
5436.0 86.34111424
5436.0 86.09951756
5437.0 86.02055773
5438.0 85.81500989
5438.0 85.9229612
5439.0 85.79473122
5440.0 84.95614563
5440.0 84.9493085
5441.0 84.69935726
5442.0 83.88544877
5442.0 84.08867087
5443.0 83.49339624
5444.0 83.27581408
5445.0 82.30947994
5445.0 82.0819856
5446.0 80.93992848
5447.0 80.50614392
5447.0 79.78191018
5448.0 79.16674368
5449.0 78.65584073
5449.0 77.36524846
5450.0 76.7303932
5451.0 75.40027363
5451.0 74.24000738
5452.0 73.26795756
5453.0 70.97075267
5453.0 72.19515796
5454.0 69.47504382
5455.0 68.26018448
5455.0 66.57765582
5456.0 65.35271436
5457.0 63.69776549
5458.0 61.84602062
5458.0 60.39573009
5459.0 58.90774174
5460.0 55.47511145
5460.0 57.20666789
5461.0 53.64268928
5462.0 51.90310145
5462.0 50.14103141
5463.0 48.12649165
5464.0 46.63295182
5464.0 44.86218069
5465.0 43.0312248
5466.0 39.59826385
5466.0 41.34091513
5467.0 37.96603947
5468.0 36.30759366
5468.0 34.68484971
5469.0 33.16667892
5470.0 31.70469873
5471.0 30.45977011
5471.0 28.80304629
5472.0 27.49311597
5473.0 26.19106597
5473.0 24.88773448
5474.0 23.80197838
5475.0 22.42767916
5475.0 21.44814126
5476.0 20.34766697
5477.0 19.41996929
5477.0 18.37739738
5478.0 17.35705765
5479.0 16.542478
5479.0 15.79830392
5480.0 14.96395497
5481.0 14.14958287
5481.0 13.48335129
5482.0 12.84635684
5483.0 12.14687203
5483.0 11.49083343
5484.0 10.96958314
5485.0 10.36861314
5486.0 9.845008621
5486.0 9.328252764
5487.0 8.851888306
5488.0 8.004745175
5488.0 8.492460477
5489.0 7.585137907
5490.0 7.254791329
5490.0 6.920178456
5491.0 6.565776063
5492.0 6.183851609
5492.0 5.907959069
5493.0 5.716858593
5494.0 5.113418967
5494.0 5.397766003
5495.0 4.895245036
5496.0 4.657034775
5496.0 4.483359977
5497.0 4.237426667
5498.0 4.054891949
5498.0 3.866349316
5499.0 3.68993291
5500.0 3.546441276
5500.0 3.35012801
5501.0 3.26689822
5502.0 3.078348044
5502.0 2.967684608
5503.0 2.832946046
5504.0 2.718268725
5505.0 2.600442783
5505.0 2.432559997
5506.0 2.371768045
5507.0 2.284335338
5507.0 2.155125557
5508.0 2.117222494
5509.0 2.004502869
5509.0 1.928572077
5510.0 1.810143326
5511.0 1.762666328
5511.0 1.724606438
5512.0 1.65018586
5513.0 1.542446721
5513.0 1.516272857
5514.0 1.459358715
5515.0 1.36267777
5515.0 1.414088478
5516.0 1.31396644
5517.0 1.218993108
5517.0 1.240930789
5518.0 1.169426682
5519.0 1.137987757
5519.0 1.07867733
5520.0 1.04593409
5521.0 0.985783019
5521.0 1.016703635
5522.0 0.934231889
5523.0 0.899122608
5523.0 0.892768305
5524.0 0.853005895
5525.0 0.831347487
5525.0 0.817740064
5526.0 0.757836409
5527.0 0.739306301
5527.0 0.72056414
5528.0 0.704340259
5529.0 0.693347297
5529.0 0.660470992
5530.0 0.645341553
5531.0 0.630490863
5531.0 0.626466871
5532.0 0.593292275
5533.0 0.560663422
5533.0 0.554695098
5534.0 0.537251544
5535.0 0.536437156
5535.0 0.50636561
5536.0 0.515319453
5537.0 0.497261459
5537.0 0.476439225
5538.0 0.443235257
5539.0 0.438943657
5539.0 0.421007179
5540.0 0.417716961
5541.0 0.419925747
5541.0 0.404522726
5542.0 0.398291751
5543.0 0.400046852
5543.0 0.387548106
5544.0 0.361335323
5545.0 0.357775321
5545.0 0.337685727
5546.0 0.359351196
5547.0 0.336176753
5547.0 0.317372087
5548.0 0.325548351
5549.0 0.30669345
5549.0 0.299505905
5550.0 0.297222048
5551.0 0.30168748
5551.0 0.298758453
5552.0 0.267398873
5553.0 0.272586714
5553.0 0.273238682
5554.0 0.25814779
5555.0 0.243834659
5555.0 0.26403172
5556.0 0.238898383
5557.0 0.255361703
5557.0 0.233473477
5558.0 0.22910018
5559.0 0.239808153
5559.0 0.241411992
5560.0 0.228851363
5561.0 0.213333809
5561.0 0.225830351
5562.0 0.209124626
5563.0 0.191805019
5563.0 0.197326714
5564.0 0.204425956
5565.0 0.18413737
5565.0 0.193249622
5566.0 0.203047494
5567.0 0.199684427
5567.0 0.185376635
5568.0 0.17325787
5569.0 0.190049609
5569.0 0.159872816
5570.0 0.181338169
5571.0 0.16456293
5571.0 0.168725413
5572.0 0.150750183
5573.0 0.165430386
5573.0 0.141141381
5574.0 0.169844206
5575.0 0.16972045
5575.0 0.163667577
5576.0 0.165496623
5577.0 0.138429184
5577.0 0.156195919
5578.0 0.159670723
5579.0 0.141401465
5579.0 0.137357768
5580.0 0.14515972
5581.0 0.130518166
5581.0 0.123330819
5582.0 0.137089285
5583.0 0.133784598
5583.0 0.129509549
5584.0 0.117714741
5585.0 0.128133754
5585.0 0.132501811
5586.0 0.12990456
5587.0 0.133112361
5587.0 0.125488255
5588.0 0.115929204
5588.0 0.118508561
5589.0 0.120250758
5590.0 0.114816647
5590.0 0.121396589
5591.0 0.104112441
5592.0 0.110400622
5592.0 0.109305032
5593.0 0.109411121
5594.0 0.106575065
5594.0 0.105662637
5595.0 0.1151861
5596.0 0.109999384
5596.0 0.099825085
5597.0 0.110417835
5598.0 0.099721134
5598.0 0.089703451
5599.0 0.104288994
5600.0 0.095700501
5600.0 0.093937931
5601.0 0.099307484
5602.0 0.09651578
5602.0 0.090259035
5603.0 0.084271882
5604.0 0.098081285
5604.0 0.095647596
5605.0 0.07526957
5606.0 0.083275625
5606.0 0.098148327
5607.0 0.085849693
5607.0 0.093581368
5608.0 0.085785065
5609.0 0.084174346
5609.0 0.079591373
5610.0 0.081308632
5611.0 0.077505203
5611.0 0.081962925
5612.0 0.078494305
5613.0 0.089675167
5613.0 0.07910017
5614.0 0.087004942
5615.0 0.084384515
5615.0 0.08167734
5616.0 0.071051651
5617.0 0.079869431
5617.0 0.07710167
5618.0 0.076116008
5619.0 0.077884316
5619.0 0.082208377
5620.0 0.07176082
5620.0 0.076044313
5621.0 0.076745309
5622.0 0.073940332
5622.0 0.06443465
5623.0 0.079187468
5624.0 0.066891927
5624.0 0.066937851
5625.0 0.067718736
5626.0 0.075182831
5626.0 0.083023777
5627.0 0.0709705
5628.0 0.066521116
5628.0 0.070033992
5629.0 0.06384011
5630.0 0.062095951
5630.0 0.070525457
5631.0 0.06549624
5631.0 0.067766173
5632.0 0.067798908
5633.0 0.048325971
5633.0 0.073636456
5634.0 0.067653277
5635.0 0.07614342
5635.0 0.050853491
5636.0 0.064239648
5637.0 0.061654364
5637.0 0.063342455
5638.0 0.061528607
5639.0 0.06333871
5639.0 0.059869131
5640.0 0.059977867
5641.0 0.059880745
5641.0 0.064075001
5642.0 0.06391066
5642.0 0.063056473
5643.0 0.052272152
5644.0 0.058893311
5644.0 0.064703164
5645.0 0.055342199
5646.0 0.057200538
5646.0 0.052996845
5647.0 0.050187786
5648.0 0.046910995
5648.0 0.049121638
