1710.574707 2.5569e-14
1711.946045 1.6376e-14
1713.317383 1.6727e-14
1714.688721 2.1207e-14
1716.060181 2.4321e-14
1717.431519 2.3173e-14
1718.802979 1.6831e-14
1720.174438 3.4543e-14
1721.545898 3.4494e-14
1722.917358 3.0977e-14
1724.288818 3.2425e-14
1725.660278 2.9893e-14
1727.031738 3.6743e-14
1728.40332 3.1112e-14
1729.774902 3.0655e-14
1731.146362 3.5038e-14
1732.517944 3.2807e-14
1733.889526 3.2792e-14
1735.261108 3.4535e-14
1736.63269 3.2748e-14
1738.004272 3.4389e-14
1739.375977 4.1169e-14
1740.747559 4.5644e-14
1742.119263 4.0683e-14
1743.490845 4.3135e-14
1744.862549 3.6661e-14
1746.234253 3.8141e-14
1747.605957 4.5082e-14
1748.977661 4.5023e-14
1750.349487 4.2766e-14
1751.721191 4.4805e-14
1753.092896 4.532e-14
1754.464722 5.0699e-14
1755.836548 5.2866e-14
1757.208252 5.1776e-14
1758.580078 5.3082e-14
1759.951904 4.954e-14
1761.32373 5.0389e-14
1762.695679 5.045e-14
1764.067505 4.7109e-14
1765.439331 5.7751e-14
1766.811279 5.0849e-14
1768.183105 5.5495e-14
1769.555054 5.8847e-14
1770.927002 6.1356e-14
1772.29895 5.9088e-14
1773.670898 6.0249e-14
1775.042847 6.3736e-14
1776.414795 6.2996e-14
1777.786865 6.5217e-14
1779.158813 6.8811e-14
1780.530884 6.3784e-14
1781.902832 6.6291e-14
1783.274902 6.6809e-14
1784.646973 6.7969e-14
1786.019043 6.8805e-14
1787.391113 7.4143e-14
1788.763184 7.6915e-14
1790.135376 7.9935e-14
1791.507446 7.5042e-14
1792.879517 7.1862e-14
1794.251709 7.0319e-14
1795.623901 6.9836e-14
1796.996094 7.3428e-14
1798.368164 7.8195e-14
1799.740356 8.3397e-14
1801.112549 8.3382e-14
1802.484863 7.6851e-14
1803.857056 7.377e-14
1805.229248 5.7664e-14
1806.601562 5.7686e-14
1807.973755 7.0204e-14
1809.346069 8.2019e-14
1810.718384 7.7301e-14
1812.090698 7.2504e-14
1813.463013 7.4305e-14
1814.835327 7.6098e-14
1816.207642 7.4488e-14
1817.579956 7.3332e-14
1818.952271 6.8519e-14
1820.324707 7.9795e-14
1821.697021 8.3134e-14
1823.069458 8.3716e-14
1824.441895 7.4893e-14
1825.814331 7.9891e-14
1827.186768 8.2943e-14
1828.559204 8.5517e-14
1829.931641 8.3248e-14
1831.304077 8.697e-14
1832.676514 8.7355e-14
1834.049072 8.4181e-14
1835.421509 8.6203e-14
1836.794067 8.271e-14
1838.166504 7.1201e-14
1839.539062 6.7739e-14
1840.911621 8.2792e-14
1842.28418 7.3548e-14
1843.656738 6.5741e-14
1845.029297 5.6595e-14
1846.401855 5.5473e-14
1847.774414 6.5383e-14
1849.147095 5.8646e-14
1850.519653 6.4754e-14
1851.892334 8.0563e-14
1853.265015 9.022e-14
1854.637573 9.0456e-14
1856.010254 8.8171e-14
1857.382935 8.6642e-14
1858.755615 9.1865e-14
1860.128296 9.1334e-14
1861.500977 9.2156e-14
1862.873779 8.8202e-14
1864.24646 9.4924e-14
1865.619263 1.0397e-13
1866.991943 1.0419e-13
1868.364746 1.0512e-13
1869.737427 1.0398e-13
1871.110229 1.0147e-13
1872.483032 1.0099e-13
1873.855835 9.5076e-14
1875.228638 9.5337e-14
1876.60144 9.8605e-14
1877.974243 1.0297e-13
1879.347168 1.0114e-13
1880.719971 1.1013e-13
1882.092896 1.1349e-13
1883.465698 1.1784e-13
1884.838623 1.1684e-13
1886.211548 1.1057e-13
1887.584351 1.148e-13
1888.957275 1.1516e-13
1890.3302 1.1448e-13
1891.703125 1.1404e-13
1893.076172 1.1797e-13
1894.449097 1.1268e-13
1895.822021 1.1007e-13
1897.194946 1.0229e-13
1898.567993 9.9507e-14
1899.940918 1.0249e-13
1901.313965 1.1433e-13
1902.687012 1.1538e-13
1904.060059 1.1534e-13
1905.432983 1.1975e-13
1906.80603 1.1956e-13
1908.179077 1.1685e-13
1909.552124 1.2235e-13
1910.925293 1.2478e-13
1912.29834 1.2526e-13
1913.671387 1.3143e-13
1915.044556 1.2795e-13
1916.417603 1.2894e-13
1917.790771 1.3578e-13
1919.163818 1.3719e-13
1920.536987 1.3338e-13
1921.910156 1.3215e-13
1923.283325 1.2628e-13
1924.656494 1.274e-13
1926.029663 1.2538e-13
1927.402832 1.1191e-13
1928.776001 9.4962e-14
1930.14917 1.019e-13
1931.522461 1.1472e-13
1932.89563 1.1906e-13
1934.268921 1.2076e-13
1935.64209 1.2804e-13
1937.015381 1.424e-13
1938.38855 1.4147e-13
1939.761841 1.4602e-13
1941.135132 1.4978e-13
1942.508423 1.4536e-13
1943.881714 1.435e-13
1945.255005 1.4427e-13
1946.628296 1.4898e-13
1948.001587 1.4403e-13
1949.375 1.4234e-13
1950.748291 1.3827e-13
1952.121582 1.492e-13
1953.494995 1.4266e-13
1954.868286 1.4248e-13
1956.241699 1.4295e-13
1957.615112 1.4747e-13
1958.988403 1.4002e-13
1960.361816 1.4121e-13
1961.735229 1.4322e-13
1963.108643 1.516e-13
1964.482056 1.5778e-13
1965.855469 1.5888e-13
1967.228882 1.6139e-13
1968.602417 1.5977e-13
1969.97583 1.5583e-13
1971.349243 1.5335e-13
1972.722778 1.4943e-13
1974.096191 1.4887e-13
1975.469727 1.4817e-13
1976.84314 1.4324e-13
1978.216675 1.4659e-13
1979.59021 1.4934e-13
1980.963745 1.5063e-13
1982.33728 1.4815e-13
1983.710815 1.4549e-13
1985.084351 1.451e-13
1986.457886 1.4359e-13
1987.831421 1.4108e-13
1989.204956 1.4892e-13
1990.578491 1.5388e-13
1991.952148 1.5288e-13
1993.325684 1.5328e-13
1994.699341 1.5658e-13
1996.072876 1.5786e-13
1997.446533 1.5275e-13
1998.820068 1.5267e-13
2000.193726 1.5654e-13
2001.567383 1.5891e-13
2002.94104 1.5297e-13
2004.314697 1.5919e-13
2005.688354 1.5422e-13
2007.062012 1.6088e-13
2008.435669 1.6104e-13
2009.809326 1.5283e-13
2011.182983 1.6199e-13
2012.556641 1.6399e-13
2013.93042 1.6548e-13
2015.304077 1.619e-13
2016.677734 1.6565e-13
2018.051514 1.5984e-13
2019.425293 1.5826e-13
2020.79895 1.5699e-13
2022.172729 1.573e-13
2023.546509 1.4653e-13
2024.920166 1.3994e-13
2026.293945 1.6136e-13
2027.667725 1.6839e-13
2029.041504 1.7429e-13
2030.415283 1.7347e-13
2031.789062 1.6546e-13
2033.162842 1.6953e-13
2034.536621 1.7053e-13
2035.910522 1.7603e-13
2037.284302 1.7138e-13
2038.658081 1.7187e-13
2040.031982 1.783e-13
2041.405762 1.8708e-13
2042.779541 1.8509e-13
2044.153442 1.892e-13
2045.527344 1.9297e-13
2046.901123 1.9509e-13
2048.274902 1.9475e-13
2049.648926 1.9133e-13
2051.022705 1.9242e-13
2052.396729 1.8283e-13
2053.770508 1.6828e-13
2055.144531 1.6945e-13
2056.518311 1.7451e-13
2057.892334 1.7735e-13
2059.266113 1.7962e-13
2060.640137 1.7017e-13
2062.013916 1.798e-13
2063.387939 1.8351e-13
2064.761963 1.8219e-13
2066.135742 1.8696e-13
2067.509766 1.9455e-13
2068.883789 1.9664e-13
2070.257812 2.0237e-13
2071.631592 2.0346e-13
2073.005615 2.0677e-13
2074.379639 2.1215e-13
2075.753662 2.099e-13
2077.127686 2.0797e-13
2078.501709 2.0682e-13
2079.875488 1.9851e-13
2081.249512 1.9901e-13
2082.623535 1.9957e-13
2083.997559 2.0299e-13
2085.371582 2.0928e-13
2086.745605 2.0677e-13
2088.119629 2.059e-13
2089.493652 2.0328e-13
2090.86792 2.0564e-13
2092.241943 1.9943e-13
2093.615967 1.9743e-13
2094.98999 2.0528e-13
2096.364014 2.0419e-13
2097.738037 2.0423e-13
2099.112305 1.982e-13
2100.486328 2.0144e-13
2101.860352 1.9578e-13
2103.234375 2.0748e-13
2104.608643 2.0876e-13
2105.982666 1.9738e-13
2107.356689 1.8992e-13
2108.730957 1.8958e-13
2110.10498 1.9606e-13
2111.479248 1.9435e-13
2112.853271 1.9703e-13
2114.227295 2.1005e-13
2115.601562 2.1765e-13
2116.975586 2.1701e-13
2118.349854 2.1748e-13
2119.723877 2.1325e-13
2121.098145 1.9027e-13
2122.472412 1.6789e-13
2123.846436 1.7544e-13
2125.220703 1.9939e-13
2126.594727 1.9833e-13
2127.968994 1.9206e-13
2129.343262 1.8413e-13
2130.717285 1.7774e-13
2132.091553 1.7175e-13
2133.46582 1.6997e-13
2134.839844 1.8606e-13
2136.214111 1.9562e-13
2137.588379 1.9199e-13
2138.962646 2.0084e-13
2140.336914 2.1122e-13
2141.710938 2.127e-13
2143.085205 2.0982e-13
2144.459473 2.0626e-13
2145.83374 2.0231e-13
2147.208008 2.0529e-13
2148.582275 2.0273e-13
2149.956543 1.9458e-13
2151.330811 2.0722e-13
2152.705078 2.0949e-13
2154.079102 2.0633e-13
2155.453369 2.0535e-13
2156.827637 1.9307e-13
2158.201904 1.8502e-13
2159.576416 1.9795e-13
2160.950684 2.0558e-13
2162.324951 2.0449e-13
2163.699219 1.9179e-13
2165.073486 1.8312e-13
2166.447754 1.9214e-13
2167.822021 1.9736e-13
2169.196289 2.0351e-13
2170.570557 2.0215e-13
2171.944824 1.9897e-13
2173.319336 1.9252e-13
2174.693604 1.9661e-13
2176.067871 2.001e-13
2177.442139 2.1665e-13
2178.816406 2.2834e-13
2180.190918 2.3747e-13
2181.565186 2.3045e-13
2182.939453 2.1983e-13
2184.313965 2.1967e-13
2185.688232 2.073e-13
2187.0625 2.1998e-13
2188.436768 2.2673e-13
2189.811279 2.2787e-13
2191.185547 2.3406e-13
2192.559814 2.4711e-13
2193.934326 2.484e-13
2195.308594 2.4434e-13
2196.683105 2.4892e-13
2198.057373 2.4302e-13
2199.431641 2.2988e-13
2200.806152 2.428e-13
2202.18042 2.5103e-13
2203.554932 2.4496e-13
2204.929199 2.2874e-13
2206.303711 2.1867e-13
2207.677979 2.0967e-13
2209.05249 1.9112e-13
2210.426758 1.9803e-13
2211.80127 2.1815e-13
2213.175537 2.1753e-13
2214.550049 2.082e-13
2215.924316 1.9881e-13
2217.298828 2.222e-13
2218.673096 2.3066e-13
2220.047607 2.3384e-13
2221.422119 2.3398e-13
2222.796387 2.337e-13
2224.170898 2.3308e-13
2225.545166 2.318e-13
2226.919678 2.3713e-13
2228.294189 2.4699e-13
2229.668457 2.4968e-13
2231.042969 2.5751e-13
2232.41748 2.5992e-13
2233.791748 2.6242e-13
2235.16626 2.6033e-13
2236.540771 2.5932e-13
2237.915039 2.6244e-13
2239.289551 2.5305e-13
2240.664062 2.4009e-13
2242.038574 2.3619e-13
2243.412842 2.3277e-13
2244.787354 2.4168e-13
2246.161865 2.384e-13
2247.536133 2.2693e-13
2248.910645 2.2457e-13
2250.285156 2.2878e-13
2251.659668 2.2328e-13
2253.033936 2.1903e-13
2254.408447 2.2417e-13
2255.782959 2.3527e-13
2257.157471 2.3089e-13
2258.531982 2.2042e-13
2259.90625 2.2867e-13
2261.280762 2.3492e-13
2262.655273 2.2682e-13
2264.029785 2.2105e-13
2265.404297 2.1718e-13
2266.778809 2.1919e-13
2268.153076 2.2856e-13
2269.527588 2.334e-13
2270.9021 2.3559e-13
2272.276611 2.3548e-13
2273.651123 2.3007e-13
2275.025635 2.3004e-13
2276.399902 2.3822e-13
2277.774414 2.4179e-13
2279.148926 2.5065e-13
2280.523438 2.6155e-13
2281.897949 2.4793e-13
2283.272461 2.5417e-13
2284.646973 2.5071e-13
2286.021484 2.3742e-13
2287.395752 2.4533e-13
2288.770264 2.3788e-13
2290.144775 2.371e-13
2291.519287 2.4001e-13
2292.893799 2.4059e-13
2294.268311 2.3592e-13
2295.642822 2.1514e-13
2297.017334 2.0851e-13
2298.391846 2.2321e-13
2299.766357 2.3149e-13
2301.140625 2.3468e-13
2302.515137 2.3823e-13
2303.889648 2.5631e-13
2305.26416 2.5487e-13
2306.638672 2.4967e-13
2308.013184 2.5096e-13
2309.387695 2.3912e-13
2310.762207 2.2207e-13
2312.136719 2.2742e-13
2313.51123 2.4305e-13
2314.885742 2.5095e-13
2316.260254 2.5043e-13
2317.634766 2.4586e-13
2319.009033 2.4141e-13
2320.383545 2.5464e-13
2321.758057 2.6304e-13
2323.132568 2.4773e-13
2324.50708 2.2505e-13
2325.881592 2.2462e-13
2327.256104 2.464e-13
2328.630615 2.3834e-13
2330.005127 2.0712e-13
2331.379639 2.0005e-13
2332.75415 2.2106e-13
2334.128662 2.3646e-13
2335.50293 2.1444e-13
2336.877441 1.9942e-13
2338.251953 2.1636e-13
2339.626465 2.1905e-13
2341.000977 1.9009e-13
2342.375488 1.4889e-13
2343.75 1.5555e-13
2345.124512 1.7168e-13
2346.499023 1.7421e-13
2347.873535 2.1091e-13
2349.248047 2.378e-13
2350.622314 2.4982e-13
2351.996826 2.4306e-13
2353.371338 2.316e-13
2354.74585 2.449e-13
2356.120361 2.398e-13
2357.494873 1.9891e-13
2358.869385 1.8222e-13
2360.243896 2.1659e-13
2361.618164 2.2665e-13
2362.992676 2.1311e-13
2364.367188 2.1489e-13
2365.741699 2.252e-13
2367.116211 2.3472e-13
2368.490723 2.4486e-13
2369.865234 2.4868e-13
2371.239502 2.306e-13
2372.614014 2.0668e-13
2373.988525 2.2556e-13
2375.363037 2.4555e-13
2376.737549 2.2376e-13
2378.111816 1.8575e-13
2379.486328 1.4676e-13
2380.86084 1.174e-13
2382.235352 1.5722e-13
2383.609863 2.0857e-13
2384.984131 2.2514e-13
2386.358643 1.9492e-13
2387.733154 1.9831e-13
2389.107666 2.3912e-13
2390.481934 2.4718e-13
2391.856445 2.3373e-13
2393.230957 1.8205e-13
2394.605469 1.6602e-13
2395.979736 2.0016e-13
2397.354248 1.9518e-13
2398.72876 2.0844e-13
2400.103027 2.3186e-13
2401.477539 2.1478e-13
2402.852051 1.7166e-13
2404.226562 1.563e-13
2405.60083 1.7957e-13
2406.975342 2.0672e-13
2408.349854 1.8996e-13
2409.724121 1.6694e-13
2411.098633 1.9597e-13
2412.4729 2.1179e-13
2413.847412 2.4253e-13
2415.221924 2.5197e-13
2416.596191 2.6277e-13
2417.970703 2.7492e-13
2419.344971 2.8802e-13
2420.719482 2.831e-13
2422.093994 2.5897e-13
2423.468262 2.5917e-13
2424.842773 2.7736e-13
2426.217041 2.774e-13
2427.591553 2.663e-13
2428.96582 2.717e-13
2430.340332 2.7459e-13
2431.7146 2.5847e-13
2433.089111 2.4439e-13
2434.463379 2.4071e-13
2435.837891 2.5226e-13
2437.212158 2.5826e-13
2438.586426 2.6225e-13
2439.960938 2.8199e-13
2441.335205 2.8435e-13
2442.709717 2.7198e-13
2444.083984 2.6579e-13
2445.458252 2.6509e-13
2446.832764 2.6852e-13
2448.207031 2.6072e-13
2449.581299 2.5119e-13
2450.955811 2.5505e-13
2452.330078 2.5892e-13
2453.704346 2.6728e-13
2455.078857 2.7213e-13
2456.453125 2.7604e-13
2457.827393 2.6868e-13
2459.20166 2.5861e-13
2460.576172 2.4328e-13
2461.950439 2.4568e-13
2463.324707 2.5508e-13
2464.698975 2.5665e-13
2466.073242 2.5589e-13
2467.447754 2.6338e-13
2468.822021 2.6106e-13
2470.196289 2.5484e-13
2471.570557 2.4553e-13
2472.944824 2.647e-13
2474.319092 2.58e-13
2475.693359 2.4738e-13
2477.067627 2.3886e-13
2478.441895 2.4493e-13
2479.816162 2.5615e-13
2481.19043 2.2576e-13
2482.564697 2.1213e-13
2483.938965 2.4282e-13
2485.313232 2.4203e-13
2486.6875 2.1831e-13
2488.061768 2.0189e-13
2489.436035 2.0429e-13
2490.810303 2.26e-13
2492.18457 2.5449e-13
2493.558838 2.801e-13
2494.933105 2.8235e-13
2496.307373 2.8084e-13
2497.681396 2.8501e-13
2499.055664 2.8023e-13
2500.429932 2.5968e-13
2501.804199 2.6793e-13
2503.178223 2.5926e-13
2504.55249 2.262e-13
2505.926758 2.2656e-13
2507.301025 2.7112e-13
2508.675049 2.7244e-13
2510.049316 2.4373e-13
2511.423584 2.2577e-13
2512.797607 1.8468e-13
2514.171875 1.6273e-13
2515.545898 1.6694e-13
2516.920166 1.8952e-13
2518.294434 2.0043e-13
2519.668457 2.1664e-13
2521.042725 1.9138e-13
2522.416748 1.6877e-13
2523.791016 1.7747e-13
2525.165039 1.8359e-13
2526.539062 1.61e-13
2527.91333 1.6466e-13
2529.287354 2.1821e-13
2530.661621 2.384e-13
2532.035645 2.3172e-13
2533.409668 2.2311e-13
2534.783936 2.1685e-13
2536.157959 2.2182e-13
2537.531982 2.2363e-13
2538.906006 2.3326e-13
2540.280273 2.3112e-13
2541.654297 2.4483e-13
2543.02832 2.3979e-13
2544.402344 2.3244e-13
2545.776367 2.3495e-13
2547.150391 2.2051e-13
2548.524414 2.2745e-13
2549.898682 2.7174e-13
2551.272705 2.8622e-13
2552.646729 2.9163e-13
2554.020752 2.8779e-13
2555.394775 2.8754e-13
2556.768799 2.9743e-13
2558.142822 2.9397e-13
2559.516602 2.8231e-13
2560.890625 2.5251e-13
2562.264648 2.5701e-13
2563.638672 3.011e-13
2565.012695 3.0433e-13
2566.386719 3.0094e-13
2567.760498 3.048e-13
2569.134521 3.0753e-13
2570.508545 3.0717e-13
2571.882568 3.1221e-13
2573.256348 2.9836e-13
2574.630371 2.7831e-13
2576.004395 2.9076e-13
2577.378174 3.125e-13
2578.752197 3.1886e-13
2580.125977 3.0921e-13
2581.5 2.9512e-13
2582.873779 2.896e-13
2584.247803 2.4718e-13
2585.621582 2.8441e-13
2586.995605 3.1422e-13
2588.369385 3.3534e-13
2589.743408 3.1285e-13
2591.117188 2.9947e-13
2592.490967 2.9362e-13
2593.86499 3.1399e-13
2595.23877 2.7208e-13
2596.612549 1.9016e-13
2597.986328 1.7079e-13
2599.360107 2.6056e-13
2600.734131 3.0552e-13
2602.10791 3.0122e-13
2603.481689 2.6162e-13
2604.855469 2.2264e-13
2606.229248 2.4075e-13
2607.603027 2.7446e-13
2608.976807 2.4922e-13
2610.350586 2.0507e-13
2611.724365 2.2533e-13
2613.098145 2.6845e-13
2614.471924 3.1063e-13
2615.845703 2.81e-13
2617.219238 2.9154e-13
2618.593018 3.0431e-13
2619.966797 2.9989e-13
2621.340576 3.1241e-13
2622.714355 3.0199e-13
2624.087891 2.6949e-13
2625.46167 2.7527e-13
2626.835449 2.5405e-13
2628.208984 2.4386e-13
2629.582764 2.1581e-13
2630.956299 2.7065e-13
2632.330078 3.3109e-13
2633.703613 3.4945e-13
2635.077393 3.6002e-13
2636.450928 3.7228e-13
2637.824463 3.7774e-13
2639.198242 3.7879e-13
2640.571777 3.8744e-13
2641.945312 3.8747e-13
2643.319092 3.8158e-13
2644.692627 3.8021e-13
2646.066162 3.8301e-13
2647.439697 3.8231e-13
2648.813232 3.883e-13
2650.187012 3.8424e-13
2651.560547 3.8279e-13
2652.934082 3.9481e-13
2654.307617 3.9604e-13
2655.681152 3.8814e-13
2657.054688 3.7719e-13
2658.428223 3.7957e-13
2659.801514 3.6151e-13
2661.175049 3.4722e-13
2662.548584 3.4214e-13
2663.922119 3.5204e-13
2665.295654 3.4264e-13
2666.668945 3.4768e-13
2668.04248 3.531e-13
2669.416016 3.6382e-13
2670.789307 3.6202e-13
2672.162842 3.7814e-13
2673.536377 3.8538e-13
2674.909668 3.7134e-13
2676.283203 3.5134e-13
2677.656494 3.503e-13
2679.029785 3.7247e-13
2680.40332 3.7609e-13
2681.776611 3.7455e-13
2683.149902 3.7432e-13
2684.523438 3.7576e-13
2685.896729 3.6171e-13
2687.27002 3.4603e-13
2688.643311 3.4588e-13
2690.016602 3.5624e-13
2691.390137 3.594e-13
2692.763428 3.5793e-13
2694.136719 3.5216e-13
2695.51001 3.5148e-13
2696.883301 3.5038e-13
2698.256592 3.718e-13
2699.629639 3.6538e-13
2701.00293 3.7341e-13
2702.376221 3.7484e-13
2703.749512 3.6449e-13
2705.122803 3.5053e-13
2706.49585 3.5558e-13
2707.869141 3.4968e-13
2709.242432 3.5093e-13
2710.615479 3.4956e-13
2711.98877 3.499e-13
2713.361816 3.3786e-13
2714.735107 3.466e-13
2716.108154 3.3923e-13
2717.481445 3.3234e-13
2718.854492 3.3771e-13
2720.227539 3.4629e-13
2721.60083 3.409e-13
2722.973877 3.3551e-13
2724.346924 3.3508e-13
2725.719971 3.306e-13
2727.093018 3.5409e-13
2728.466064 3.6481e-13
2729.839111 3.5672e-13
2731.212402 3.4306e-13
2732.585205 3.3557e-13
2733.958252 3.2652e-13
2735.331299 3.0297e-13
2736.704346 3.1053e-13
2738.077393 2.9275e-13
2739.450439 3.041e-13
2740.823242 2.7678e-13
2742.196289 2.8715e-13
2743.569336 2.9605e-13
2744.942139 2.5763e-13
2746.315186 2.778e-13
2747.688232 2.5642e-13
2749.061035 2.9686e-13
2750.433838 3.3267e-13
2751.806885 3.2051e-13
2753.179688 2.8945e-13
2754.552734 2.8182e-13
2755.925537 3.3428e-13
2757.29834 3.5488e-13
2758.671143 3.4553e-13
2760.043945 3.3489e-13
2761.416992 3.4214e-13
2762.789795 3.6032e-13
2764.162598 3.5433e-13
2765.5354 3.455e-13
2766.908203 3.4136e-13
2768.281006 3.5414e-13
2769.653564 3.6077e-13
2771.026367 3.6572e-13
2772.39917 3.7025e-13
2773.771973 3.5216e-13
2775.144531 3.3975e-13
2776.517334 3.2278e-13
2777.890137 3.1815e-13
2779.262695 3.2306e-13
2780.635498 3.2738e-13
2782.008057 3.2814e-13
2783.380859 3.3436e-13
2784.753418 3.2341e-13
2786.125977 2.9219e-13
2787.498779 2.5495e-13
2788.871338 2.0152e-13
2790.243896 1.4719e-13
2791.616455 9.3378e-14
2792.989014 6.4125e-14
2794.361572 5.8898e-14
2795.734131 7.2927e-14
2797.106689 9.5616e-14
2798.479248 9.5683e-14
2799.851807 7.4082e-14
2801.224365 7.5572e-14
2802.596924 1.1429e-13
2803.969482 1.8207e-13
2805.341797 2.4848e-13
2806.714355 2.9747e-13
2808.08667 3.1585e-13
2809.459229 3.2783e-13
2810.831787 3.4497e-13
2812.204102 3.6233e-13
2813.576416 3.7445e-13
2814.948975 3.7582e-13
2816.321289 3.8015e-13
2817.693604 3.8843e-13
2819.066162 3.8891e-13
2820.438477 3.9153e-13
2821.810791 3.9453e-13
2823.183105 3.9192e-13
2824.55542 3.8769e-13
2825.927734 3.8906e-13
2827.300049 3.8901e-13
2828.672363 3.9071e-13
2830.044678 3.8764e-13
2831.416748 3.8886e-13
2832.789062 3.7719e-13
2834.161377 3.6737e-13
2835.533691 3.8749e-13
2836.905762 3.8437e-13
2838.278076 3.7101e-13
2839.650146 3.7564e-13
2841.022461 3.6688e-13
2842.394531 3.6624e-13
2843.766602 3.7179e-13
2845.138916 3.6404e-13
2846.510986 3.347e-13
2847.883057 2.9563e-13
2849.255127 2.2861e-13
2850.627197 2.1464e-13
2851.999268 2.9554e-13
2853.371338 3.4076e-13
2854.743408 3.5612e-13
2856.115479 3.7107e-13
2857.487549 3.9083e-13
2858.859619 3.9739e-13
2860.231689 3.8848e-13
2861.603516 3.9044e-13
2862.975586 3.881e-13
2864.347412 3.7876e-13
2865.719482 3.741e-13
2867.091309 3.7609e-13
2868.463379 3.9139e-13
2869.835205 4.0083e-13
2871.207275 3.9414e-13
2872.579102 3.8468e-13
2873.950928 3.7707e-13
2875.322754 3.7733e-13
2876.69458 3.723e-13
2878.066406 3.4607e-13
2879.438232 3.0584e-13
2880.810059 3.5706e-13
2882.181885 3.9886e-13
2883.553711 4.1187e-13
2884.925537 4.1173e-13
2886.297363 3.9881e-13
2887.668945 3.9003e-13
2889.040771 3.9471e-13
2890.412354 3.801e-13
2891.78418 3.8507e-13
2893.155762 4.0089e-13
2894.527588 4.143e-13
2895.89917 4.2224e-13
2897.270752 4.2969e-13
2898.642578 4.3953e-13
2900.01416 4.3692e-13
2901.385742 4.4516e-13
2902.757324 4.5105e-13
2904.128906 4.3731e-13
2905.500488 4.2025e-13
2906.87207 4.1462e-13
2908.243652 4.1001e-13
2909.615234 4.2267e-13
2910.986572 4.3707e-13
2912.358154 4.3765e-13
2913.729736 4.3152e-13
2915.101074 4.3006e-13
2916.472656 4.2879e-13
2917.843994 4.3023e-13
2919.215332 4.2505e-13
2920.586914 4.1855e-13
2921.958252 4.0039e-13
2923.32959 4.0631e-13
2924.700928 4.0756e-13
2926.07251 4.0348e-13
2927.443848 4.0703e-13
2928.815186 4.3802e-13
2930.186523 4.3711e-13
2931.557617 4.346e-13
2932.928955 4.2769e-13
2934.300293 4.0165e-13
2935.671631 4.04e-13
2937.042725 4.1365e-13
2938.414062 4.2231e-13
2939.785156 4.2109e-13
2941.156494 4.3218e-13
2942.527588 4.1601e-13
2943.898926 4.2851e-13
2945.27002 4.0679e-13
2946.641113 3.9881e-13
2948.012207 4.2324e-13
2949.383301 4.3548e-13
2950.754395 4.2505e-13
2952.125488 4.151e-13
2953.496582 4.436e-13
2954.867676 4.3869e-13
2956.23877 4.4299e-13
2957.609863 4.3943e-13
2958.980713 4.4384e-13
2960.351807 4.5261e-13
2961.7229 4.3208e-13
2963.09375 4.0672e-13
2964.464844 4.0792e-13
2965.835693 4.1689e-13
2967.206543 4.0309e-13
2968.577637 3.9808e-13
2969.948486 4.2426e-13
2971.319336 4.278e-13
2972.690186 4.4875e-13
2974.061035 4.4337e-13
2975.431885 4.5733e-13
2976.802734 4.4732e-13
2978.173584 4.2915e-13
2979.544189 4.198e-13
2980.915039 4.1554e-13
2982.285889 3.9319e-13
2983.656494 3.9524e-13
2985.027344 4.15e-13
2986.397949 4.3409e-13
2987.768555 4.5347e-13
2989.139404 4.5899e-13
2990.51001 4.5198e-13
2991.880615 4.436e-13
2993.251221 4.4566e-13
2994.621826 4.5965e-13
2995.992432 4.5692e-13
2997.363037 4.2949e-13
2998.733643 4.1444e-13
3000.104248 4.1131e-13
3001.474854 4.2183e-13
3002.845215 4.5109e-13
3004.21582 4.4826e-13
3005.586182 4.3233e-13
3006.956787 4.454e-13
3008.327148 4.5825e-13
3009.697754 4.5643e-13
3011.068115 4.5742e-13
3012.438477 4.4705e-13
3013.808838 4.364e-13
3015.179199 4.2405e-13
3016.549561 4.1442e-13
3017.919922 3.8548e-13
3019.290283 3.9729e-13
3020.660645 4.534e-13
3022.031006 4.5221e-13
3023.401123 4.4029e-13
3024.771484 4.5349e-13
3026.141846 4.6988e-13
3027.511963 4.5529e-13
3028.88208 4.4436e-13
3030.252441 4.5064e-13
3031.622559 4.6156e-13
3032.992676 4.6444e-13
3034.362793 4.5815e-13
3035.73291 4.452e-13
3037.103027 4.6205e-13
3038.473145 4.4946e-13
3039.843262 4.3809e-13
3041.213379 4.5051e-13
3042.583496 4.5823e-13
3043.953369 4.5904e-13
3045.323486 4.4771e-13
3046.693604 4.5677e-13
3048.063477 4.6884e-13
3049.43335 4.7159e-13
3050.803467 4.7095e-13
3052.17334 4.5731e-13
3053.543213 4.5349e-13
3054.913086 4.2992e-13
3056.282959 4.188e-13
3057.652832 4.377e-13
3059.022705 4.5546e-13
3060.392578 4.4966e-13
3061.762451 4.3491e-13
3063.13208 4.1808e-13
3064.501953 4.0114e-13
3065.352783 4.2864e-13
3068.098877 4.4263e-13
3070.844971 4.4428e-13
3073.59082 4.4769e-13
3076.337158 4.4965e-13
3079.083252 4.5856e-13
3081.829346 4.5694e-13
3084.575439 4.4027e-13
3087.321533 4.2305e-13
3090.067871 4.1813e-13
3092.813965 4.219e-13
3095.560303 4.136e-13
3098.306641 4.1762e-13
3101.052734 4.3929e-13
3103.799072 4.5642e-13
3106.54541 4.6473e-13
3109.291748 4.6734e-13
3112.038086 4.6136e-13
3114.784424 4.4117e-13
3117.530762 4.372e-13
3120.2771 4.4591e-13
3123.023682 4.4654e-13
3125.77002 4.5332e-13
3128.516357 4.5144e-13
3131.262939 4.5854e-13
3134.009277 4.5983e-13
3136.755859 4.6022e-13
3139.502441 4.4671e-13
3142.249023 4.3997e-13
3144.995361 4.6164e-13
3147.741943 4.6782e-13
3150.488525 4.576e-13
3153.235107 4.4547e-13
3155.981689 4.3349e-13
3158.728516 4.3734e-13
3161.475098 4.5727e-13
3164.22168 4.66e-13
3166.968506 4.7922e-13
3169.715088 4.8772e-13
3172.461914 4.7802e-13
3175.208496 4.5104e-13
3177.955322 4.3365e-13
3180.702148 4.4549e-13
3183.44873 4.5856e-13
3186.195557 4.6051e-13
3188.942383 4.4671e-13
3191.689209 4.516e-13
3194.436035 4.6484e-13
3197.182861 4.7701e-13
3199.929688 4.8522e-13
3202.676758 4.8795e-13
3205.423584 4.7421e-13
3208.17041 4.5056e-13
3210.91748 4.4503e-13
3213.664307 4.5636e-13
3216.411377 4.6923e-13
3219.158203 4.7017e-13
3221.905273 4.6129e-13
3224.652344 4.4495e-13
3227.39917 4.4185e-13
3230.14624 4.4288e-13
3232.893311 4.4338e-13
3235.640381 4.6061e-13
3238.387451 4.7078e-13
3241.134521 4.7562e-13
3243.881592 4.7317e-13
3246.628906 4.6823e-13
3249.375977 4.7306e-13
3252.123047 4.852e-13
3254.870361 5.0225e-13
3257.617432 5.0104e-13
3260.364746 5.0101e-13
3263.111816 4.981e-13
3265.859131 5.0165e-13
3268.606201 4.9574e-13
3271.353516 4.908e-13
3274.10083 4.8117e-13
3276.848145 4.8551e-13
3279.595459 4.973e-13
3282.342773 4.9718e-13
3285.090088 4.9589e-13
3287.837402 5.1043e-13
3290.584717 5.1856e-13
3293.332031 5.2007e-13
3296.079346 5.2064e-13
3298.82666 5.1541e-13
3301.574219 5.076e-13
3304.321533 5.0446e-13
3307.069092 5.1332e-13
3309.816406 5.1555e-13
3312.563965 5.0923e-13
3315.311279 5.0738e-13
3318.058838 5.0012e-13
3320.806396 4.9659e-13
3323.553711 5.0154e-13
3326.30127 5.0044e-13
3329.048828 5.047e-13
3331.796387 5.0017e-13
3334.543945 4.9556e-13
3337.291504 4.9186e-13
3340.039062 4.9836e-13
3342.786621 5.0058e-13
3345.53418 4.8177e-13
3348.281738 4.943e-13
3351.029541 5.0655e-13
3353.7771 5.0723e-13
3356.524658 4.8806e-13
3359.272461 4.87e-13
3362.02002 5.03e-13
3364.767822 4.934e-13
3367.515381 4.795e-13
3370.263184 4.8479e-13
3373.010986 5.0573e-13
3375.758545 4.9025e-13
3378.506348 4.8511e-13
3381.25415 4.9888e-13
3384.001953 5.0658e-13
3386.749512 5.0501e-13
3389.497314 4.9388e-13
3392.245117 5.0294e-13
3394.99292 5.2366e-13
3397.740723 5.2035e-13
3400.488525 5.0354e-13
3403.236572 4.9687e-13
3405.984375 4.9784e-13
3408.732178 4.9982e-13
3411.47998 4.9854e-13
3414.228027 5.1e-13
3416.97583 5.1751e-13
3419.723633 5.0915e-13
3422.47168 5.1027e-13
3425.219482 5.1782e-13
3427.967529 5.251e-13
3430.715332 5.219e-13
3433.463379 5.1764e-13
3436.211426 4.9844e-13
3438.959229 4.8289e-13
3441.707275 4.8988e-13
3444.455322 5.1043e-13
3447.203369 5.141e-13
3449.951172 5.0936e-13
3452.699219 5.175e-13
3455.447266 5.1069e-13
3458.195312 5.0705e-13
3460.943359 5.1398e-13
3463.691406 5.1608e-13
3466.439453 5.2163e-13
3469.187744 5.128e-13
3471.935791 4.9707e-13
3474.683838 5.054e-13
3477.431885 5.2152e-13
3480.179932 5.2062e-13
3482.928223 5.2093e-13
3485.67627 5.092e-13
3488.424316 5.0093e-13
3491.172607 5.0388e-13
3493.920654 5.0382e-13
3496.668945 5.1432e-13
3499.416992 5.1848e-13
3502.165283 5.1558e-13
3504.91333 5.1444e-13
3507.661621 5.0686e-13
3510.409912 5.0371e-13
3513.157959 5.118e-13
3515.90625 5.1439e-13
3518.654541 5.0519e-13
3521.402832 4.9609e-13
3524.150879 4.9421e-13
3526.89917 5.1405e-13
3529.647461 5.1943e-13
3532.395752 5.2468e-13
3535.144043 5.2768e-13
3537.892334 5.2656e-13
3540.640625 5.3336e-13
3543.388916 5.3799e-13
3546.137207 5.3758e-13
3548.885498 5.3529e-13
3551.633789 5.2864e-13
3554.382324 5.2365e-13
3557.130615 5.3053e-13
3559.878906 5.2788e-13
3562.627197 5.0875e-13
3565.375732 5.0036e-13
3568.124023 4.8985e-13
3570.872314 4.9732e-13
3573.62085 5.0637e-13
3576.369141 5.076e-13
3579.117432 4.974e-13
3581.865967 4.8418e-13
3584.614258 4.7948e-13
3587.362793 5.0234e-13
3590.111084 5.202e-13
3592.859619 5.2487e-13
3595.60791 5.305e-13
3598.356445 5.266e-13
3601.10498 5.1191e-13
3603.853271 5.106e-13
3606.601807 5.0697e-13
3609.350342 5.1195e-13
3612.098633 5.1563e-13
3614.847168 5.1006e-13
3617.595703 5.1084e-13
3620.344238 5.2273e-13
3623.092529 5.3283e-13
3625.841064 5.2694e-13
3628.5896 5.0712e-13
3631.338135 5.1504e-13
3634.08667 5.2572e-13
3636.835205 5.2792e-13
3639.58374 5.1817e-13
3642.332275 5.1682e-13
3645.080811 5.1776e-13
3647.829346 5.2412e-13
3650.577881 5.3658e-13
3653.326416 5.4528e-13
3656.074951 5.4671e-13
3658.823486 5.4693e-13
3661.572021 5.4601e-13
3664.320557 5.4399e-13
3667.069092 5.4046e-13
3669.817871 5.4676e-13
3672.566406 5.3819e-13
3675.314941 5.2666e-13
3678.063477 5.2669e-13
3680.812012 5.247e-13
3683.560791 5.2056e-13
3686.309326 5.325e-13
3689.057861 5.4529e-13
3691.806641 5.48e-13
3694.555176 5.4923e-13
3697.303711 5.547e-13
3700.05249 5.3562e-13
3702.801025 5.1682e-13
3705.549561 5.2893e-13
3708.29834 5.2953e-13
3711.046875 5.5088e-13
3713.795654 5.7891e-13
3716.544189 5.4258e-13
3719.292725 5.0956e-13
3722.041504 5.5392e-13
3724.790039 5.8289e-13
3727.538818 5.6618e-13
3730.287354 5.0873e-13
3733.036133 4.9337e-13
3735.784668 5.6067e-13
3738.533447 5.9956e-13
3741.282227 5.8011e-13
3744.030762 5.318e-13
3746.779541 4.888e-13
3749.528076 5.3839e-13
3752.276855 6.0237e-13
3755.025391 6.1635e-13
3757.77417 6.1726e-13
3760.522949 6.2227e-13
3763.271484 5.9206e-13
3766.020264 5.3149e-13
3768.769043 5.2168e-13
3771.517578 5.921e-13
3774.266357 6.5242e-13
3777.015137 6.8714e-13
3779.763672 7.0047e-13
3782.512451 6.8584e-13
3785.26123 6.6722e-13
3788.01001 6.5033e-13
3790.758545 5.99e-13
3793.507324 5.2287e-13
3796.256104 5.1595e-13
3799.004639 6.0404e-13
3801.753418 6.5974e-13
3804.502197 6.7867e-13
3807.250977 7.0247e-13
3809.999512 6.9185e-13
3812.748291 6.8271e-13
3815.49707 6.928e-13
3818.24585 6.7915e-13
3820.994629 6.6627e-13
3823.743164 6.3533e-13
3826.491943 5.9851e-13
3829.240723 5.3652e-13
3831.989502 4.8058e-13
3834.738037 5.0304e-13
3837.486816 5.8455e-13
3840.235596 6.5313e-13
3842.984375 6.9033e-13
3845.733154 7.1238e-13
3848.481689 7.2542e-13
3851.230469 7.3402e-13
3853.979248 7.2485e-13
3856.728027 7.2438e-13
3859.476807 7.3901e-13
3862.225586 7.4563e-13
3864.974121 7.4927e-13
3867.7229 7.3335e-13
3870.47168 7.1097e-13
3873.220459 7.0472e-13
3875.969238 6.7927e-13
3878.717773 6.6858e-13
3881.466553 6.151e-13
3884.215332 5.271e-13
3886.964111 5.0721e-13
3889.712891 5.8148e-13
3892.461426 6.3981e-13
3895.210205 6.6188e-13
3897.958984 6.7949e-13
3900.707764 6.9148e-13
3903.456299 7.0188e-13
3906.205078 7.313e-13
3908.953857 7.4233e-13
3911.702637 7.3505e-13
3914.451172 7.2403e-13
3917.199951 7.1988e-13
3919.94873 7.1297e-13
3922.69751 6.8693e-13
3925.446045 6.0704e-13
3928.194824 4.6207e-13
3930.943604 3.7067e-13
3933.692383 4.9284e-13
3936.440918 6.3165e-13
3939.189697 6.8781e-13
3941.938477 7.0332e-13
3944.687012 7.1475e-13
3947.435791 7.1019e-13
3950.18457 7.1157e-13
3952.933105 6.9973e-13
3955.681885 6.8217e-13
3958.430664 6.4439e-13
3961.179199 5.6181e-13
3963.927979 4.2232e-13
3966.676758 3.702e-13
3969.425293 4.8779e-13
3972.174072 5.9999e-13
3974.922607 6.6295e-13
3977.671387 6.9782e-13
3980.419922 7.1242e-13
3983.168701 7.2952e-13
3985.91748 7.4263e-13
3988.666016 7.5278e-13
3991.414795 7.5509e-13
3994.16333 7.5246e-13
3996.912109 7.5869e-13
3999.660645 7.6333e-13
4002.40918 7.5502e-13
4005.157959 7.6342e-13
4007.906494 7.6974e-13
4010.655273 7.6936e-13
4013.403809 7.777e-13
4016.152588 7.7961e-13
4018.901123 7.7674e-13
4021.649658 7.7275e-13
4024.398438 7.7207e-13
4027.146973 7.5562e-13
4029.895508 7.5316e-13
4032.644287 7.6548e-13
4035.392822 7.7911e-13
4038.141357 7.7516e-13
4040.889893 7.6397e-13
4043.638672 7.574e-13
4046.387207 7.7238e-13
4049.135742 7.7573e-13
4051.884277 7.6616e-13
4054.632812 7.6224e-13
4057.381348 7.636e-13
4060.130127 7.5082e-13
4062.878662 7.5103e-13
4065.627197 7.531e-13
4068.375732 7.5032e-13
4071.124268 7.482e-13
4073.872803 7.3852e-13
4076.621338 7.4246e-13
4079.369873 7.4925e-13
4082.118408 7.4205e-13
4084.866943 7.3931e-13
4087.615479 7.2849e-13
4090.36377 7.0186e-13
4093.112305 6.5985e-13
4095.86084 5.8817e-13
4098.609375 5.2463e-13
4101.35791 5.8429e-13
4104.106445 6.5226e-13
4106.85498 6.9065e-13
4109.603516 7.1795e-13
4112.351562 7.3289e-13
4115.100098 7.3876e-13
4117.848633 7.4254e-13
4120.597168 7.5218e-13
4123.345703 7.564e-13
4126.09375 7.5355e-13
4128.842285 7.4897e-13
4131.59082 7.5724e-13
4134.339355 7.6715e-13
4137.087402 7.7094e-13
4139.835938 7.612e-13
4142.584473 7.6364e-13
4145.333008 7.6614e-13
4148.081055 7.669e-13
4150.82959 7.5935e-13
4153.578125 7.596e-13
4156.326172 7.6316e-13
4159.074707 7.6963e-13
4161.822754 7.6725e-13
4164.571289 7.6365e-13
4167.319824 7.5864e-13
4170.067871 7.479e-13
4172.816406 7.4656e-13
4175.564453 7.5312e-13
4178.312988 7.5395e-13
4181.061035 7.5328e-13
4183.80957 7.4846e-13
4186.557617 7.5519e-13
4189.306152 7.5956e-13
4192.054199 7.5784e-13
4194.802734 7.4442e-13
4197.550781 7.433e-13
4200.298828 7.4447e-13
4203.047363 7.5609e-13
4205.79541 7.5728e-13
4208.543945 7.5617e-13
4211.291992 7.4882e-13
4214.040039 7.4318e-13
4216.788574 7.5057e-13
4219.536621 7.4234e-13
4222.284668 7.2117e-13
4225.032715 7.2425e-13
4227.78125 7.4521e-13
4230.529297 7.4051e-13
4233.277344 7.4036e-13
4236.025391 7.4889e-13
4238.773438 7.5449e-13
4241.521484 7.5106e-13
4244.27002 7.3676e-13
4247.018066 7.3546e-13
4249.766113 7.4258e-13
4252.51416 7.4864e-13
4255.262207 7.4653e-13
4258.010254 7.4688e-13
4260.758301 7.558e-13
4263.506348 7.5261e-13
4266.254395 7.4081e-13
4269.002441 7.2796e-13
4271.750488 7.3704e-13
4274.498535 7.462e-13
4277.246094 7.4236e-13
4279.994141 7.3358e-13
4282.742188 7.2881e-13
4285.490234 7.1633e-13
4288.238281 7.1334e-13
4290.986328 7.1713e-13
4293.733887 7.0948e-13
4296.481934 6.8835e-13
4299.22998 6.8252e-13
4301.978027 6.9229e-13
4304.725586 6.8779e-13
4307.473633 6.9477e-13
4310.22168 7.0007e-13
4312.969238 7.106e-13
4315.717285 7.166e-13
4318.464844 7.103e-13
4321.212891 6.9784e-13
4323.960449 6.8917e-13
4326.708496 6.9038e-13
4329.456055 6.7375e-13
4332.204102 6.31e-13
4334.95166 5.5558e-13
4337.699707 5.1134e-13
4340.447266 5.7961e-13
4343.195312 6.446e-13
4345.942871 6.7487e-13
4348.69043 6.8458e-13
4351.437988 7.0449e-13
4354.186035 7.2188e-13
4356.933594 7.2867e-13
4359.681152 7.3649e-13
4362.428711 7.3886e-13
4365.176758 7.3245e-13
4367.924316 7.3257e-13
4370.671875 7.2784e-13
4373.419434 7.2991e-13
4376.166992 7.3605e-13
4378.914551 7.2734e-13
4381.662109 7.2048e-13
4384.409668 7.3206e-13
4387.157227 7.3531e-13
4389.904785 7.3484e-13
4392.652344 7.3135e-13
4395.399902 7.3151e-13
4398.147461 7.2562e-13
4400.89502 7.2809e-13
4403.642578 7.3212e-13
4406.389648 7.4037e-13
4409.137207 7.4013e-13
4411.884766 7.2902e-13
4414.632324 7.2818e-13
4417.379395 7.3604e-13
4420.126953 7.3578e-13
4422.874512 7.3431e-13
4425.621582 7.3698e-13
4428.369141 7.3816e-13
4431.116211 7.3087e-13
4433.86377 7.3492e-13
4436.61084 7.3727e-13
4439.358398 7.269e-13
4442.105469 7.2843e-13
4444.853027 7.3455e-13
4447.600098 7.3191e-13
4450.347656 7.2427e-13
4453.094727 7.2247e-13
4455.841797 7.256e-13
4458.589355 7.2877e-13
4461.336426 7.3121e-13
4464.083496 7.2434e-13
4466.830566 7.2834e-13
4469.577637 7.3686e-13
4472.325195 7.3585e-13
4475.072266 7.3684e-13
4477.819336 7.2838e-13
4480.566406 7.3057e-13
4483.313477 7.3806e-13
4486.060547 7.3761e-13
4488.807617 7.3617e-13
4491.554688 7.3442e-13
4494.301758 7.353e-13
4497.04834 7.344e-13
4499.79541 7.3734e-13
4502.54248 7.4112e-13
4505.289551 7.3894e-13
4508.036621 7.3912e-13
4510.783203 7.3974e-13
4513.530273 7.3686e-13
4516.277344 7.3401e-13
4519.023926 7.2747e-13
4521.770996 7.2481e-13
4524.517578 7.1829e-13
4527.264648 7.135e-13
4530.01123 7.1007e-13
4532.758301 7.1758e-13
4535.504883 7.2923e-13
4538.251953 7.3176e-13
4540.998535 7.3002e-13
4543.745117 7.2257e-13
4546.492188 7.1506e-13
4549.23877 7.164e-13
4551.985352 7.1561e-13
4554.731934 7.2556e-13
4557.479004 7.2826e-13
4560.225586 7.2669e-13
4562.972168 7.2688e-13
4565.71875 7.294e-13
4568.465332 7.2255e-13
4571.211914 7.2734e-13
4573.958496 7.2836e-13
4576.705078 7.2591e-13
4579.45166 7.222e-13
4582.198242 7.1992e-13
4584.944336 7.2262e-13
4587.690918 7.2227e-13
4590.4375 7.268e-13
4593.184082 7.2809e-13
4595.930176 7.29e-13
4598.676758 7.2656e-13
4601.42334 7.2712e-13
4604.169434 7.2806e-13
4606.916016 7.2626e-13
4609.662109 7.2413e-13
4612.408691 7.2549e-13
4615.154785 7.2702e-13
4617.901367 7.2569e-13
4620.647461 7.2552e-13
4623.393555 7.2654e-13
4626.140137 7.2519e-13
4628.88623 7.2616e-13
4631.632324 7.2376e-13
4634.378418 7.2349e-13
4637.124512 7.2361e-13
4639.870605 7.2504e-13
4642.617188 7.1779e-13
4645.363281 7.1931e-13
4648.109375 7.2164e-13
4650.85498 7.1678e-13
4653.601074 7.1864e-13
4656.347168 7.2189e-13
4659.093262 7.2283e-13
4661.839355 7.1939e-13
4664.585449 7.1784e-13
4667.331055 7.1863e-13
4670.077148 7.2134e-13
4672.823242 7.2056e-13
4675.568848 7.1871e-13
4678.314941 7.1689e-13
4681.060547 7.206e-13
4683.806641 7.2022e-13
4686.552246 7.1914e-13
4689.29834 7.1873e-13
4692.043945 7.183e-13
4694.790039 7.1805e-13
4697.535645 7.1181e-13
4700.28125 7.0761e-13
4703.026855 7.1093e-13
4705.772461 7.1297e-13
4708.518555 7.1493e-13
4711.26416 7.1356e-13
4714.009766 7.1249e-13
4716.755371 7.1274e-13
4719.500977 7.1671e-13
4722.246582 7.1291e-13
4724.992188 7.109e-13
4727.737305 7.1027e-13
4730.48291 7.0921e-13
4733.228516 7.095e-13
4735.974121 7.0925e-13
4738.719238 7.1061e-13
4741.464844 7.1029e-13
4744.210449 7.1177e-13
4746.955566 7.1037e-13
4749.701172 7.0878e-13
4752.446289 7.0743e-13
4755.191406 7.0571e-13
4757.937012 7.0393e-13
4760.682129 7.036e-13
4763.427246 7.0456e-13
4766.172852 7.0484e-13
4768.917969 7.0571e-13
4771.663086 7.0573e-13
4774.408203 7.0525e-13
4777.15332 7.009e-13
4779.898438 6.9976e-13
4782.643555 7.0111e-13
4785.388672 7.0028e-13
4788.133789 6.9873e-13
4790.878906 7.0146e-13
4793.624023 7.0085e-13
4796.369141 6.9981e-13
4799.11377 7.0098e-13
4801.858887 6.9474e-13
4804.604004 6.9595e-13
4807.348633 6.9626e-13
4810.09375 6.958e-13
4812.838379 6.9439e-13
4815.583496 6.9391e-13
4818.328125 6.9043e-13
4821.072754 6.8982e-13
4823.817871 6.9282e-13
4826.5625 6.8765e-13
4829.307129 6.8825e-13
4832.051758 6.8477e-13
4834.796875 6.7738e-13
4837.541504 6.7753e-13
4840.286133 6.7567e-13
4843.030762 6.6813e-13
4845.775391 6.5721e-13
4848.519531 6.4247e-13
4851.26416 6.1497e-13
4854.008789 5.6586e-13
4856.753418 4.9693e-13
4859.498047 5.1423e-13
4862.242188 5.7797e-13
4864.986816 6.1291e-13
4867.730957 6.2859e-13
4870.475586 6.4659e-13
4873.219727 6.5274e-13
4875.964355 6.6275e-13
4878.708496 6.693e-13
4881.452637 6.7176e-13
4884.197266 6.6968e-13
4886.941406 6.6498e-13
4889.685547 6.7124e-13
4892.429688 6.8035e-13
4895.173828 6.8235e-13
4897.917969 6.8132e-13
4900.662109 6.8152e-13
4903.40625 6.8308e-13
4906.150391 6.8178e-13
4908.894531 6.7994e-13
4911.638672 6.7789e-13
4914.382324 6.7228e-13
4917.126465 6.6642e-13
4919.870605 6.689e-13
4922.614258 6.7787e-13
4925.358398 6.8061e-13
4928.102051 6.7832e-13
4930.846191 6.7383e-13
4933.589844 6.7694e-13
4936.333496 6.7806e-13
4939.077637 6.8291e-13
4941.821289 6.8317e-13
4944.564941 6.828e-13
4947.308594 6.8517e-13
4950.052246 6.8006e-13
4952.795898 6.6779e-13
4955.539551 6.705e-13
4958.283203 6.7801e-13
4961.026855 6.7735e-13
4963.770508 6.7945e-13
4966.513672 6.8127e-13
4969.257324 6.7872e-13
4972.000977 6.7684e-13
4974.744141 6.7469e-13
4977.487793 6.6739e-13
4980.230957 6.6447e-13
4982.974609 6.7118e-13
4985.717773 6.7303e-13
4988.460938 6.69e-13
4991.20459 6.6974e-13
4993.947754 6.7258e-13
4996.690918 6.679e-13
4999.434082 6.6633e-13
5002.177246 6.6041e-13
5004.92041 6.6202e-13
5007.663574 6.619e-13
5010.406738 6.5839e-13
5013.149902 6.5599e-13
5015.892578 6.5992e-13
5018.635742 6.6662e-13
5021.378906 6.6948e-13
5024.121582 6.6724e-13
5026.864746 6.6965e-13
5029.607422 6.6952e-13
5032.350586 6.6574e-13
5035.093262 6.6094e-13
5037.836426 6.5671e-13
5040.579102 6.6127e-13
5043.321777 6.6675e-13
5046.064453 6.6193e-13
5048.807129 6.6429e-13
5051.549805 6.6746e-13
5054.29248 6.6861e-13
5057.035156 6.6327e-13
5059.777832 6.6213e-13
5062.520508 6.6016e-13
5065.263184 6.6182e-13
5068.005371 6.6471e-13
5070.748047 6.6272e-13
5073.490723 6.6059e-13
5076.23291 6.5636e-13
5078.975586 6.5711e-13
5081.717773 6.6006e-13
5084.459961 6.6162e-13
5087.202637 6.6264e-13
5089.944824 6.6251e-13
5092.687012 6.5886e-13
5095.429199 6.5675e-13
5098.171387 6.5769e-13
5100.913574 6.5667e-13
5103.655762 6.534e-13
5106.397949 6.5399e-13
5109.140137 6.5599e-13
5111.882324 6.594e-13
5114.624023 6.5935e-13
5117.366211 6.563e-13
5120.10791 6.5223e-13
5122.850098 6.5014e-13
5125.591797 6.5002e-13
5128.333984 6.5219e-13
5131.075684 6.498e-13
5133.817383 6.4538e-13
5136.55957 6.4316e-13
5139.30127 6.4589e-13
5142.042969 6.4775e-13
5144.784668 6.4783e-13
5147.526367 6.4977e-13
5150.268066 6.4968e-13
5153.009766 6.5026e-13
5155.750977 6.4976e-13
5158.492676 6.4203e-13
5161.234375 6.2859e-13
5163.975586 6.0579e-13
5166.717285 6.0944e-13
5169.458496 6.1623e-13
5172.200195 6.3355e-13
5174.941406 6.3761e-13
5177.682617 6.2597e-13
5180.424316 6.1645e-13
5183.165527 6.2803e-13
5185.906738 6.3045e-13
5188.647949 6.3123e-13
5191.38916 6.3535e-13
5194.130371 6.386e-13
5196.871582 6.3928e-13
5199.612305 6.3279e-13
5202.353516 6.2904e-13
5205.094727 6.3139e-13
5207.835449 6.3737e-13
5210.57666 6.4132e-13
5213.317383 6.4251e-13
5216.058594 6.4373e-13
5218.799316 6.4246e-13
5221.540039 6.3169e-13
5224.28125 6.2879e-13
5227.021973 6.3416e-13
5229.762695 6.3388e-13
5232.503418 6.3943e-13
5235.244141 6.4516e-13
5237.984863 6.4452e-13
5240.725098 6.4457e-13
5243.46582 6.4176e-13
5246.206543 6.3994e-13
5248.946777 6.4131e-13
5251.6875 6.4215e-13
5254.427734 6.3964e-13
5257.168457 6.3296e-13
5259.908691 6.242e-13
5262.649414 6.1729e-13
5265.389648 6.1178e-13
5268.129883 6.2126e-13
5270.870117 6.276e-13
5273.610352 6.327e-13
5276.350586 6.3236e-13
5279.09082 6.3186e-13
5281.831055 6.3461e-13
5284.570801 6.3842e-13
5287.311035 6.3821e-13
5290.05127 6.3735e-13
5292.791016 6.3294e-13
5295.53125 6.3532e-13
5298.270996 6.3405e-13
5301.010742 6.3535e-13
5303.750977 6.3543e-13
5306.490723 6.351e-13
5309.230469 6.3149e-13
5311.970215 6.2788e-13
5314.709961 6.3086e-13
5317.449707 6.3006e-13
5320.189453 6.2236e-13
5322.928711 6.1446e-13
5325.668457 6.1743e-13
5328.408203 6.2665e-13
5331.147461 6.2843e-13
5333.887207 6.2498e-13
5336.626465 6.2261e-13
5339.366211 6.2544e-13
5342.105469 6.2707e-13
5344.844727 6.2606e-13
5347.583984 6.2875e-13
5350.323242 6.3201e-13
5353.0625 6.2977e-13
5355.801758 6.2898e-13
5358.541016 6.2576e-13
5361.280273 6.2181e-13
5364.019531 6.1919e-13
5366.758301 6.1923e-13
5369.497559 6.2106e-13
5372.236328 6.2289e-13
5374.975586 6.2416e-13
5377.714355 6.225e-13
5380.453613 6.2208e-13
5383.192383 6.2222e-13
5385.931152 6.2038e-13
5388.669922 6.1815e-13
5391.408691 6.1547e-13
5394.147461 6.128e-13
5396.88623 6.1294e-13
5399.625 6.0934e-13
5402.363281 6.0958e-13
5405.102051 6.1358e-13
5407.840332 6.1585e-13
5410.579102 6.1575e-13
5413.317383 6.1734e-13
5416.056152 6.1894e-13
5418.794434 6.1613e-13
5421.532715 6.143e-13
5424.270996 6.1087e-13
5427.009277 6.1162e-13
5429.747559 6.1197e-13
5432.48584 6.145e-13
5435.224121 6.1576e-13
5437.962402 6.1479e-13
5440.700195 6.1026e-13
5443.438477 6.1065e-13
5446.17627 6.1334e-13
5448.914551 6.1051e-13
5453.478516 6.0888e-13
5458.349121 6.117e-13
5463.220215 6.127e-13
5468.091309 6.1085e-13
5472.962402 6.1013e-13
5477.833008 6.11e-13
5482.704102 6.1071e-13
5487.575684 6.1071e-13
5492.446777 6.0826e-13
5497.317871 6.064e-13
5502.189453 6.0312e-13
5507.060547 6.0325e-13
5511.932129 6.0335e-13
5516.803711 6.054e-13
5521.675293 6.0347e-13
5526.546875 6.0242e-13
5531.418457 6.0307e-13
5536.290039 6.032e-13
5541.162109 6.0238e-13
5546.033691 6.0403e-13
5550.905762 6.027e-13
5555.777344 6.0072e-13
5560.649414 5.9925e-13
5565.521484 5.9416e-13
5570.393555 5.9631e-13
5575.265625 5.96e-13
5580.138184 5.9265e-13
5585.010254 5.8912e-13
5589.882324 5.8814e-13
5594.754883 5.8697e-13
5599.627441 5.8907e-13
5604.499512 5.9081e-13
5609.37207 5.8959e-13
5614.244629 5.8958e-13
5619.117188 5.9152e-13
5623.990234 5.9501e-13
5628.862793 5.9415e-13
5633.735352 5.8932e-13
5638.608398 5.9207e-13
5643.481445 5.8938e-13
5648.354004 5.8922e-13
5653.227051 5.8678e-13
5658.100098 5.8701e-13
5662.973145 5.8637e-13
5667.846191 5.8631e-13
5672.719727 5.8713e-13
5677.592773 5.8698e-13
5682.466309 5.8634e-13
5687.339355 5.8513e-13
5692.212891 5.8369e-13
5697.086426 5.8367e-13
5701.959473 5.8228e-13
5706.833008 5.7933e-13
5711.707031 5.7905e-13
5716.580566 5.8236e-13
5721.454102 5.7956e-13
5726.327637 5.7839e-13
5731.20166 5.7786e-13
5736.075684 5.7756e-13
5740.949219 5.7892e-13
5745.823242 5.7908e-13
5750.697266 5.7651e-13
5755.571289 5.7546e-13
5760.445312 5.742e-13
5765.319336 5.7539e-13
5770.193848 5.7532e-13
5775.067871 5.7587e-13
5779.942383 5.7332e-13
5784.816406 5.7263e-13
5789.690918 5.7263e-13
5794.56543 5.7239e-13
5799.439941 5.715e-13
5804.314453 5.7024e-13
5809.188965 5.7037e-13
5814.063477 5.7113e-13
5818.937988 5.6934e-13
5823.812988 5.6649e-13
5828.6875 5.6543e-13
5833.5625 5.6504e-13
5838.437012 5.6658e-13
5843.312012 5.6525e-13
5848.187012 5.6369e-13
5853.062012 5.632e-13
5857.937012 5.6159e-13
5862.812012 5.5902e-13
5867.687012 5.6185e-13
5872.5625 5.6133e-13
5877.4375 5.5848e-13
5882.312988 5.5181e-13
5887.187988 5.4481e-13
5892.063477 5.4533e-13
5896.938965 5.5071e-13
5901.814453 5.5475e-13
5906.689941 5.5615e-13
5911.56543 5.5703e-13
5916.440918 5.5597e-13
5921.316406 5.5595e-13
5926.192383 5.5383e-13
5931.067871 5.5322e-13
5935.943848 5.5261e-13
5940.819336 5.5297e-13
5945.695312 5.5051e-13
5950.571289 5.5234e-13
5955.447266 5.5237e-13
5960.323242 5.5181e-13
5965.199219 5.516e-13
5970.075195 5.4914e-13
5974.95166 5.4986e-13
5979.827637 5.4867e-13
5984.703613 5.4697e-13
5989.580078 5.4758e-13
5994.456543 5.4563e-13
5999.33252 5.4547e-13
6004.208984 5.4249e-13
6009.085449 5.4298e-13
6013.961914 5.4321e-13
6018.838379 5.4247e-13
6023.714844 5.4136e-13
6028.591797 5.4216e-13
6033.468262 5.4254e-13
6038.344727 5.4058e-13
6043.22168 5.4134e-13
6048.098633 5.3891e-13
6052.975098 5.3868e-13
6057.852051 5.372e-13
6062.729004 5.3663e-13
6067.605957 5.3547e-13
6072.48291 5.3491e-13
6077.359863 5.3621e-13
6082.236816 5.3583e-13
6087.114258 5.3233e-13
6091.991211 5.2982e-13
6096.868164 5.3045e-13
6101.745605 5.3058e-13
6106.623047 5.3143e-13
6111.5 5.2783e-13
6116.377441 5.2529e-13
6121.254883 5.2537e-13
6126.132324 5.2743e-13
6131.009766 5.2462e-13
6135.887207 5.2746e-13
6140.764648 5.2616e-13
6145.642578 5.2657e-13
6150.52002 5.2423e-13
6155.397461 5.2052e-13
6160.275391 5.2051e-13
6165.15332 5.213e-13
6170.030762 5.22e-13
6174.908691 5.2391e-13
6179.786621 5.2241e-13
6184.664551 5.1955e-13
6189.54248 5.1992e-13
6194.42041 5.2054e-13
6199.29834 5.2166e-13
6204.17627 5.2174e-13
6209.054688 5.1859e-13
6213.932617 5.1654e-13
6218.811035 5.1486e-13
6223.688965 5.1436e-13
6228.567383 5.1587e-13
6233.445801 5.1701e-13
6238.32373 5.1331e-13
6243.202148 5.1019e-13
6248.080566 5.1092e-13
6252.958984 5.1133e-13
6257.837402 5.1326e-13
6262.716309 5.1067e-13
6267.594727 5.1062e-13
6272.473145 5.1509e-13
6277.352051 5.1202e-13
6282.230469 5.1131e-13
6287.109375 5.113e-13
6291.987793 5.1253e-13
6296.866699 5.1182e-13
6301.745605 5.084e-13
6306.624512 5.0492e-13
6311.503418 5.0548e-13
6316.382324 5.0303e-13
6321.26123 5.0053e-13
6326.140137 4.9882e-13
6331.019043 4.9903e-13
6335.898438 4.9661e-13
6340.777344 5.0087e-13
6345.65625 5.0395e-13
6350.535645 5.0275e-13
6355.415039 5.0175e-13
6360.293945 4.9944e-13
6365.17334 4.9768e-13
6370.052734 4.9779e-13
6374.932129 4.9859e-13
6379.811523 4.9798e-13
6384.690918 4.9828e-13
6389.570312 4.9708e-13
6394.449707 4.9519e-13
6399.329102 4.9346e-13
6404.208496 4.9329e-13
6409.088379 4.9269e-13
6413.967773 4.9363e-13
6418.847656 4.9322e-13
6423.727051 4.9308e-13
6428.606934 4.9102e-13
6433.486816 4.9013e-13
6438.366699 4.9023e-13
6443.246094 4.8835e-13
6448.125977 4.8622e-13
6453.005859 4.8815e-13
6457.885742 4.8668e-13
6462.765625 4.8658e-13
6467.645996 4.8827e-13
6472.525879 4.8744e-13
6477.405762 4.8511e-13
6482.286133 4.8409e-13
6487.166016 4.8334e-13
6492.046387 4.8105e-13
6496.92627 4.8349e-13
6501.806641 4.8426e-13
6506.687012 4.8291e-13
6511.566895 4.8198e-13
6516.447266 4.8095e-13
6521.327637 4.7861e-13
6526.208008 4.7703e-13
6531.088379 4.7653e-13
6535.96875 4.7322e-13
6540.849121 4.6509e-13
6545.72998 4.5118e-13
6550.610352 4.2983e-13
6555.490723 3.9847e-13
6560.371582 3.9465e-13
6565.251953 4.244e-13
6570.132812 4.4969e-13
6575.013184 4.6244e-13
6579.894043 4.6633e-13
6584.774902 4.6975e-13
6589.655762 4.7265e-13
6594.536133 4.7184e-13
6599.416992 4.7332e-13
6604.297852 4.7396e-13
6609.178711 4.7437e-13
6614.05957 4.7212e-13
6618.94043 4.7291e-13
6623.821777 4.7205e-13
6628.702637 4.7172e-13
6633.583496 4.7008e-13
6638.464844 4.6879e-13
6643.345703 4.6955e-13
6648.227051 4.6867e-13
6653.10791 4.6799e-13
6657.989258 4.6813e-13
6662.870117 4.6815e-13
6667.751465 4.6645e-13
6672.632812 4.6559e-13
6677.51416 4.6451e-13
6682.395508 4.659e-13
6687.276855 4.6498e-13
6692.158203 4.6456e-13
6697.039551 4.6422e-13
6701.920898 4.6188e-13
6706.802246 4.6073e-13
6711.683594 4.6057e-13
6716.56543 4.6209e-13
6721.446777 4.6001e-13
6726.328125 4.5908e-13
6731.209961 4.5996e-13
6736.091309 4.5985e-13
6740.973145 4.5963e-13
6745.854492 4.5886e-13
6750.736328 4.5681e-13
6755.618164 4.5668e-13
6760.5 4.5712e-13
6765.381348 4.5626e-13
6770.263184 4.5416e-13
6775.14502 4.5553e-13
6780.026855 4.5318e-13
6784.908691 4.5233e-13
6789.790527 4.5191e-13
6794.672363 4.517e-13
6799.554688 4.5233e-13
6804.436523 4.5106e-13
6809.318359 4.496e-13
6814.200195 4.505e-13
6819.08252 4.4946e-13
6823.964355 4.492e-13
6828.84668 4.5032e-13
6833.728516 4.4853e-13
6838.61084 4.4677e-13
6843.492676 4.4696e-13
6848.375 4.4489e-13
6853.257324 4.4408e-13
6858.139648 4.439e-13
6863.021484 4.4325e-13
6867.903809 4.4481e-13
6872.786133 4.4465e-13
6877.668457 4.4409e-13
6882.550781 4.4267e-13
6887.433105 4.4217e-13
6892.31543 4.4224e-13
6897.197754 4.4127e-13
6902.080566 4.4065e-13
6906.962891 4.4071e-13
6911.845215 4.3948e-13
6916.728027 4.3972e-13
6921.610352 4.3887e-13
6926.492676 4.3876e-13
6931.375488 4.3933e-13
6936.257812 4.3647e-13
6941.140625 4.3676e-13
6946.022949 4.3603e-13
6950.905762 4.3454e-13
6955.788574 4.3569e-13
6960.671387 4.3531e-13
6965.553711 4.3639e-13
6970.436523 4.3326e-13
6975.319336 4.3226e-13
6980.202148 4.3342e-13
6985.084961 4.3237e-13
6989.967773 4.3136e-13
6994.850586 4.3032e-13
6999.733398 4.2952e-13
7004.616211 4.2834e-13
7009.499023 4.292e-13
7014.381836 4.2969e-13
7019.265137 4.2966e-13
7024.147949 4.2872e-13
7029.030762 4.2864e-13
7033.914062 4.2763e-13
7038.796875 4.2683e-13
7043.679688 4.2798e-13
7048.562988 4.2653e-13
7053.445801 4.2555e-13
7058.329102 4.2465e-13
7063.211914 4.242e-13
7068.095215 4.2401e-13
7072.978516 4.2285e-13
7077.861328 4.2185e-13
7082.744629 4.2149e-13
7087.62793 4.204e-13
7092.51123 4.2067e-13
7097.394531 4.1995e-13
7102.277344 4.2008e-13
7107.160645 4.1984e-13
7112.043945 4.1992e-13
7116.927246 4.1876e-13
7121.810547 4.1794e-13
7126.693848 4.1779e-13
7131.577148 4.1693e-13
7136.460938 4.154e-13
7141.344238 4.1416e-13
7146.227539 4.1409e-13
7151.11084 4.1556e-13
7155.994141 4.1354e-13
7160.87793 4.141e-13
7165.76123 4.1359e-13
7170.644531 4.1302e-13
7175.52832 4.1228e-13
7180.411621 4.1082e-13
7185.29541 4.1102e-13
7190.178711 4.1066e-13
7195.0625 4.0916e-13
7199.945801 4.0937e-13
7204.82959 4.1013e-13
7209.713379 4.1089e-13
7214.59668 4.1049e-13
7219.480469 4.0948e-13
7224.364258 4.0946e-13
7229.247559 4.0997e-13
7234.131348 4.0901e-13
7239.015137 4.0742e-13
7243.898926 4.0567e-13
7248.782715 4.0504e-13
7253.666016 4.0546e-13
7258.549805 4.0562e-13
7263.433594 4.057e-13
7268.317383 4.0601e-13
7273.201172 4.0435e-13
7278.084961 4.0297e-13
7282.96875 4.0362e-13
7287.853027 4.0134e-13
7292.736816 4.0248e-13
7297.620605 3.9997e-13
7302.504395 3.9964e-13
7307.388184 3.9976e-13
7312.271973 3.9841e-13
7317.15625 3.9873e-13
7322.040039 3.9846e-13
7326.923828 3.9764e-13
7331.808105 3.9876e-13
7336.691895 3.9729e-13
7341.575684 3.9782e-13
7346.459961 3.9726e-13
7351.34375 3.9534e-13
7356.228027 3.9458e-13
7361.111816 3.9586e-13
7365.995605 3.9577e-13
7370.879883 3.9519e-13
7375.76416 3.9471e-13
7380.647949 3.9424e-13
7385.532227 3.9208e-13
7390.416016 3.9069e-13
7395.300293 3.9108e-13
7400.18457 3.9096e-13
7405.068359 3.8913e-13
7409.952637 3.8926e-13
7414.836914 3.8864e-13
7419.720703 3.8889e-13
7424.60498 3.8907e-13
7429.489258 3.8675e-13
7434.373535 3.8695e-13
7439.257812 3.8731e-13
7444.141602 3.8709e-13
7449.025879 3.8757e-13
7453.910156 3.871e-13
7458.794434 3.8584e-13
7463.678711 3.8658e-13
7468.562988 3.8472e-13
7473.447266 3.8509e-13
7478.331543 3.8457e-13
7483.21582 3.8369e-13
7488.100098 3.8203e-13
7492.984375 3.8153e-13
7497.868652 3.8061e-13
7502.75293 3.8e-13
7507.637207 3.8076e-13
7512.521484 3.8103e-13
7517.405762 3.8055e-13
7522.290527 3.7995e-13
7527.174805 3.7898e-13
7532.059082 3.7891e-13
7536.943359 3.7919e-13
7541.827637 3.7882e-13
7546.711914 3.768e-13
7551.59668 3.7587e-13
7556.480957 3.7667e-13
7561.365234 3.7736e-13
7566.249512 3.773e-13
7571.134277 3.7444e-13
7576.018555 3.7466e-13
7580.902832 3.7583e-13
7585.787598 3.7494e-13
7590.671875 3.7415e-13
7595.556152 3.7293e-13
7600.440918 3.7329e-13
7605.325195 3.7138e-13
7610.209473 3.71e-13
7615.094238 3.7129e-13
7619.978516 3.709e-13
7624.863281 3.6982e-13
7629.747559 3.7042e-13
7634.632324 3.699e-13
7639.516602 3.6948e-13
7644.400879 3.6849e-13
7649.285645 3.6749e-13
7654.169922 3.6516e-13
7659.054688 3.6473e-13
7663.938965 3.6599e-13
7668.82373 3.6712e-13
7673.708008 3.6747e-13
7678.592773 3.6552e-13
7683.477539 3.6379e-13
7688.361816 3.6394e-13
7693.246582 3.6277e-13
7698.130859 3.6386e-13
7703.015625 3.6305e-13
7707.899902 3.6225e-13
7712.784668 3.6179e-13
7717.669434 3.6266e-13
7722.553711 3.6247e-13
7727.438477 3.6242e-13
7732.322754 3.6221e-13
7737.20752 3.6016e-13
7742.092285 3.6045e-13
7746.976562 3.5795e-13
7751.861328 3.5762e-13
7756.746094 3.5977e-13
7761.630371 3.6128e-13
7766.515137 3.5751e-13
7771.399414 3.5673e-13
7776.28418 3.5739e-13
7781.168945 3.5612e-13
7786.053223 3.563e-13
7790.937988 3.5618e-13
7795.822754 3.5639e-13
7800.707031 3.5692e-13
7805.591797 3.5637e-13
7810.476562 3.5482e-13
7815.36084 3.5501e-13
7820.245605 3.5531e-13
7825.130371 3.5439e-13
7830.015137 3.5336e-13
7834.899414 3.5185e-13
7839.78418 3.5244e-13
7844.668945 3.5e-13
7849.553223 3.4904e-13
7854.437988 3.5204e-13
7859.322754 3.5149e-13
7864.207031 3.5163e-13
7869.091797 3.5266e-13
7873.976562 3.4909e-13
7878.86084 3.4873e-13
7883.745605 3.4832e-13
7888.630371 3.485e-13
7893.514648 3.4933e-13
7898.399414 3.4991e-13
7903.28418 3.4949e-13
7908.168945 3.4788e-13
7913.053223 3.467e-13
7917.937988 3.4676e-13
7922.822754 3.4755e-13
7927.707031 3.468e-13
7932.591797 3.4651e-13
7937.476562 3.4618e-13
7942.36084 3.4573e-13
7947.245605 3.465e-13
7952.129883 3.4668e-13
7957.014648 3.4325e-13
7961.899414 3.4165e-13
7966.783691 3.4158e-13
7971.668457 3.4107e-13
7976.553223 3.4256e-13
7981.4375 3.4378e-13
7986.322266 3.4261e-13
7991.206543 3.4077e-13
7996.091309 3.4007e-13
8000.976074 3.3821e-13
8005.860352 3.3787e-13
8010.745117 3.3877e-13
8015.629395 3.383e-13
8020.51416 3.3889e-13
8025.398438 3.3806e-13
8030.283203 3.3762e-13
8035.167969 3.3623e-13
8040.052246 3.3515e-13
8044.937012 3.3454e-13
8049.821289 3.3373e-13
8054.706055 3.3467e-13
8059.590332 3.3437e-13
8064.475098 3.348e-13
8069.359375 3.3348e-13
8074.244141 3.3321e-13
8079.128418 3.3174e-13
8084.012695 3.3185e-13
8088.897461 3.3175e-13
8093.781738 3.3174e-13
8098.666504 3.3147e-13
8103.550781 3.3091e-13
8108.435059 3.3042e-13
8113.319824 3.3042e-13
8118.204102 3.3026e-13
8123.088867 3.3079e-13
8127.973145 3.3121e-13
8132.857422 3.306e-13
8137.742188 3.283e-13
8142.626465 3.2746e-13
8147.510742 3.2782e-13
8152.39502 3.2778e-13
8157.279785 3.2766e-13
8162.164062 3.2732e-13
8167.04834 3.2705e-13
8171.932617 3.2632e-13
8176.816895 3.2404e-13
8181.70166 3.2303e-13
8186.585938 3.2257e-13
8191.470215 3.2191e-13
8196.354492 3.2138e-13
8201.239258 3.2126e-13
8206.123047 3.2217e-13
8211.007812 3.2199e-13
8215.891602 3.2158e-13
8220.776367 3.2229e-13
8225.660156 3.2192e-13
8230.544922 3.2082e-13
8235.428711 3.2002e-13
8240.313477 3.1934e-13
8245.197266 3.1895e-13
8250.082031 3.1961e-13
8254.96582 3.2059e-13
8259.850586 3.1898e-13
8264.734375 3.1878e-13
8269.618164 3.1849e-13
8274.50293 3.1851e-13
8279.386719 3.1867e-13
8284.271484 3.1776e-13
8289.155273 3.1647e-13
8294.039062 3.1478e-13
8298.923828 3.1564e-13
8303.807617 3.1596e-13
8308.692383 3.1548e-13
8313.576172 3.1513e-13
8318.459961 3.1467e-13
8323.344727 3.1399e-13
8328.228516 3.135e-13
8333.112305 3.128e-13
8337.996094 3.1318e-13
8342.880859 3.1212e-13
8347.764648 3.1188e-13
8352.648438 3.1251e-13
8357.532227 3.1197e-13
8362.416992 3.1156e-13
8367.300781 3.1127e-13
8372.18457 3.1164e-13
8377.068359 3.126e-13
8381.952148 3.1172e-13
8386.836914 3.0981e-13
8391.720703 3.0932e-13
8396.604492 3.1048e-13
8401.488281 3.0974e-13
8406.37207 3.0742e-13
8411.255859 3.0873e-13
8416.139648 3.0794e-13
8421.023438 3.0759e-13
8425.907227 3.0754e-13
8430.791016 3.0755e-13
8435.674805 3.0596e-13
8440.558594 3.0288e-13
8445.442383 3.0386e-13
8450.326172 3.0536e-13
8455.209961 3.0556e-13
8460.09375 3.0395e-13
8464.977539 3.0326e-13
8469.861328 3.0546e-13
8474.745117 3.0369e-13
8479.628906 3.033e-13
8484.512695 3.0087e-13
8489.396484 2.9728e-13
8494.280273 2.9435e-13
8499.163086 2.9704e-13
8504.046875 2.9975e-13
8508.930664 2.9978e-13
8513.814453 3.0155e-13
8518.698242 2.9873e-13
8523.581055 2.9564e-13
8528.464844 2.9138e-13
8533.348633 2.815e-13
8538.232422 2.7817e-13
8543.115234 2.8601e-13
8547.999023 2.9317e-13
8552.882812 2.9693e-13
8557.765625 2.9741e-13
8562.649414 2.9706e-13
8567.533203 2.9759e-13
8572.416016 2.9797e-13
8577.299805 2.9741e-13
8582.182617 2.9694e-13
8587.066406 2.9478e-13
8591.949219 2.9417e-13
8596.833008 2.9423e-13
8601.71582 2.9503e-13
8606.599609 2.9441e-13
8611.482422 2.9556e-13
8616.366211 2.943e-13
8621.249023 2.9381e-13
8626.132812 2.9331e-13
8631.015625 2.9348e-13
8635.898438 2.9149e-13
8640.782227 2.8855e-13
8645.665039 2.8671e-13
8650.547852 2.8269e-13
8655.431641 2.7308e-13
8660.314453 2.754e-13
8665.197266 2.8417e-13
8670.080078 2.8574e-13
8674.962891 2.8752e-13
8679.84668 2.8726e-13
8684.729492 2.8959e-13
8689.612305 2.8963e-13
8694.495117 2.9059e-13
8699.37793 2.9115e-13
8704.260742 2.9121e-13
8709.143555 2.8866e-13
8714.026367 2.8827e-13
8718.90918 2.8756e-13
8723.791992 2.8657e-13
8728.674805 2.8388e-13
8733.557617 2.8406e-13
8738.44043 2.83e-13
8743.323242 2.7996e-13
8748.206055 2.8089e-13
8753.088867 2.8215e-13
8757.97168 2.8443e-13
8762.854492 2.8616e-13
8767.737305 2.8525e-13
8772.619141 2.8541e-13
8777.501953 2.8464e-13
8782.384766 2.8389e-13
8787.267578 2.84e-13
8792.149414 2.8362e-13
8797.032227 2.8265e-13
8801.915039 2.8262e-13
8806.796875 2.8353e-13
8811.679688 2.82e-13
8816.5625 2.8082e-13
8821.444336 2.8118e-13
8826.327148 2.8057e-13
8831.208984 2.8116e-13
8836.091797 2.7989e-13
8840.973633 2.7928e-13
8845.856445 2.777e-13
8850.738281 2.7517e-13
8855.620117 2.7217e-13
8860.50293 2.7174e-13
8865.384766 2.7424e-13
8870.266602 2.7588e-13
8875.149414 2.7808e-13
8880.03125 2.8012e-13
8884.913086 2.7904e-13
8889.795898 2.7813e-13
8894.677734 2.7657e-13
8899.55957 2.7546e-13
8904.441406 2.7534e-13
8909.323242 2.7619e-13
8914.205078 2.7692e-13
8919.086914 2.7832e-13
8923.969727 2.7715e-13
8928.851562 2.758e-13
8933.733398 2.747e-13
8938.615234 2.7419e-13
8943.496094 2.7303e-13
8948.37793 2.7445e-13
8953.259766 2.7521e-13
8958.141602 2.7534e-13
8963.023438 2.7589e-13
8967.905273 2.7416e-13
8972.787109 2.7204e-13
8977.667969 2.7212e-13
8982.549805 2.7109e-13
8987.431641 2.7066e-13
8992.313477 2.6959e-13
8997.194336 2.654e-13
9002.076172 2.6336e-13
9006.958008 2.592e-13
9011.838867 2.6001e-13
9016.720703 2.6402e-13
9021.601562 2.6862e-13
9026.483398 2.6835e-13
9031.364258 2.6874e-13
9036.246094 2.6905e-13
9041.126953 2.6726e-13
9046.007812 2.6804e-13
9050.889648 2.6739e-13
9055.770508 2.6584e-13
9060.651367 2.6867e-13
9065.533203 2.6996e-13
9070.414062 2.685e-13
9075.294922 2.6994e-13
9080.175781 2.6869e-13
9085.056641 2.6546e-13
9089.938477 2.6411e-13
9094.819336 2.6547e-13
9099.700195 2.6517e-13
9104.581055 2.6488e-13
9109.461914 2.6541e-13
9114.342773 2.6484e-13
9119.223633 2.6437e-13
9124.104492 2.6442e-13
9128.984375 2.6356e-13
9133.865234 2.6484e-13
9138.746094 2.6565e-13
9143.626953 2.6673e-13
9148.507812 2.6805e-13
9153.387695 2.681e-13
9158.268555 2.6621e-13
9163.149414 2.644e-13
9168.029297 2.6293e-13
9172.910156 2.6003e-13
9177.791016 2.5982e-13
9182.670898 2.6039e-13
9187.551758 2.6099e-13
9192.431641 2.6016e-13
9197.3125 2.6053e-13
9202.192383 2.5697e-13
9207.072266 2.5254e-13
9211.953125 2.5074e-13
9216.833008 2.4652e-13
9221.712891 2.4353e-13
9226.59375 2.4604e-13
9231.473633 2.4944e-13
9236.353516 2.5165e-13
9241.233398 2.5227e-13
9246.113281 2.5167e-13
9250.993164 2.5219e-13
9255.873047 2.5413e-13
9260.75293 2.5452e-13
9265.632812 2.5386e-13
9270.512695 2.5355e-13
9275.392578 2.5405e-13
9280.272461 2.5257e-13
9285.152344 2.5311e-13
9290.032227 2.5625e-13
9294.912109 2.5567e-13
9299.791016 2.5441e-13
9304.670898 2.5347e-13
9309.550781 2.5207e-13
9314.429688 2.5021e-13
9319.30957 2.4922e-13
9324.189453 2.5036e-13
9329.068359 2.4993e-13
9333.948242 2.5079e-13
9338.827148 2.5013e-13
9343.707031 2.4784e-13
9348.585938 2.4822e-13
9353.464844 2.4886e-13
9358.344727 2.5056e-13
9363.223633 2.4969e-13
9368.102539 2.505e-13
9372.981445 2.5009e-13
9377.861328 2.4995e-13
9382.740234 2.4963e-13
9387.619141 2.5009e-13
9392.498047 2.5045e-13
9397.376953 2.4839e-13
9402.255859 2.4818e-13
9407.134766 2.4715e-13
9412.013672 2.4726e-13
9416.892578 2.4497e-13
9421.771484 2.448e-13
9426.649414 2.4498e-13
9431.52832 2.4557e-13
9436.407227 2.4538e-13
9441.286133 2.4729e-13
9446.164062 2.4686e-13
9451.042969 2.4606e-13
9455.920898 2.4589e-13
9460.799805 2.447e-13
9465.678711 2.4483e-13
9470.556641 2.4351e-13
9475.43457 2.4387e-13
9480.313477 2.4468e-13
9485.191406 2.422e-13
9490.069336 2.4253e-13
9494.948242 2.4164e-13
9499.826172 2.4184e-13
9504.704102 2.4172e-13
9509.582031 2.398e-13
9514.459961 2.3894e-13
9519.338867 2.3823e-13
9524.216797 2.3494e-13
9529.094727 2.3478e-13
9533.972656 2.3173e-13
9538.849609 2.2647e-13
9543.727539 2.2804e-13
9548.605469 2.328e-13
9553.483398 2.3381e-13
9558.361328 2.3558e-13
9563.238281 2.387e-13
9568.116211 2.3821e-13
9572.994141 2.3736e-13
9577.871094 2.3761e-13
9582.749023 2.3636e-13
9587.625977 2.3682e-13
9592.503906 2.3761e-13
9597.380859 2.3696e-13
9602.258789 2.3617e-13
9607.135742 2.3681e-13
9612.012695 2.3723e-13
9616.890625 2.3668e-13
9621.767578 2.3508e-13
9626.644531 2.3385e-13
9631.521484 2.3326e-13
9636.398438 2.3449e-13
9641.275391 2.3413e-13
9646.152344 2.3275e-13
9651.029297 2.3444e-13
9655.90625 2.3428e-13
9660.783203 2.3503e-13
9665.660156 2.3549e-13
9670.537109 2.3455e-13
9675.413086 2.3281e-13
9680.290039 2.3077e-13
9685.166992 2.3169e-13
9690.042969 2.3294e-13
9694.919922 2.3418e-13
9699.796875 2.3427e-13
9704.672852 2.3311e-13
9709.549805 2.3051e-13
9714.425781 2.3013e-13
9719.301758 2.2871e-13
9724.178711 2.2881e-13
9729.054688 2.2849e-13
9733.930664 2.2936e-13
9738.806641 2.2781e-13
9743.682617 2.2738e-13
9748.558594 2.2727e-13
9753.43457 2.2851e-13
9758.310547 2.2887e-13
9763.186523 2.2861e-13
9768.0625 2.2834e-13
9772.938477 2.2835e-13
9777.814453 2.2875e-13
9782.69043 2.2909e-13
9787.56543 2.3051e-13
9792.441406 2.2713e-13
9797.317383 2.2696e-13
9802.192383 2.2941e-13
9807.068359 2.2756e-13
9811.943359 2.2591e-13
9816.819336 2.2467e-13
9821.694336 2.2469e-13
9826.570312 2.2516e-13
9831.445312 2.251e-13
9836.320312 2.2569e-13
9841.195312 2.2555e-13
9846.071289 2.2536e-13
9850.946289 2.2625e-13
9855.821289 2.2424e-13
9860.696289 2.2348e-13
9865.571289 2.2305e-13
9870.446289 2.2034e-13
9875.320312 2.2392e-13
9880.195312 2.2642e-13
9885.070312 2.2634e-13
9889.945312 2.2476e-13
9894.819336 2.2382e-13
9899.694336 2.2215e-13
9904.569336 2.1959e-13
9909.443359 2.2037e-13
9914.318359 2.1996e-13
9919.192383 2.2052e-13
9924.067383 2.2245e-13
9928.941406 2.2024e-13
9933.81543 2.2016e-13
9938.689453 2.1975e-13
9943.564453 2.1932e-13
9948.438477 2.1891e-13
9953.3125 2.177e-13
9958.186523 2.1834e-13
9963.060547 2.1939e-13
9967.93457 2.1789e-13
9972.808594 2.1683e-13
9977.682617 2.1844e-13
9982.555664 2.1796e-13
9987.429688 2.178e-13
9992.303711 2.1693e-13
9997.176758 2.1814e-13
10002.050781 2.1855e-13
10006.923828 2.1806e-13
10011.797852 2.1741e-13
10016.670898 2.1705e-13
10021.544922 2.1548e-13
10026.417969 2.1206e-13
10031.291016 2.1008e-13
10036.165039 2.0907e-13
10041.038086 2.046e-13
10045.911133 2.0438e-13
10050.78418 2.0615e-13
10055.657227 2.09e-13
10060.530273 2.1064e-13
10065.40332 2.1229e-13
10070.276367 2.1157e-13
10075.148438 2.1299e-13
10080.021484 2.1095e-13
10084.894531 2.1006e-13
10089.767578 2.1087e-13
10094.639648 2.1276e-13
10099.512695 2.1178e-13
10104.384766 2.1187e-13
10109.257812 2.1199e-13
10114.129883 2.1261e-13
10119.001953 2.1182e-13
10123.875 2.1354e-13
10128.74707 2.1499e-13
10133.619141 2.1428e-13
10138.491211 2.1445e-13
10143.363281 2.1138e-13
10148.235352 2.1229e-13
10153.107422 2.1276e-13
10157.979492 2.0974e-13
10169.283 2.1102e-13
10197.423999999999 2.0994e-13
10225.564 2.0871e-13
10253.705 2.073e-13
10281.845000000001 2.0594e-13
10309.985999999999 2.046e-13
10338.126 2.0298e-13
10366.268 2.0212e-13
10394.409 2.017e-13
10422.549 2.004e-13
10450.69 1.9894e-13
10478.829999999998 1.9762e-13
10506.971000000001 1.9656e-13
10535.110999999999 1.9533e-13
10563.252 1.9496e-13
10591.393 1.9373e-13
10619.533000000001 1.9234e-13
10647.674 1.9188e-13
10675.815 1.8949e-13
10703.955999999998 1.8822e-13
10732.096 1.8731e-13
10760.237 1.857e-13
10788.378 1.8551e-13
10816.518 1.8461e-13
10844.659000000001 1.8246e-13
10872.800000000001 1.8011e-13
10900.940999999999 1.7729e-13
10929.081 1.7658e-13
10957.222 1.7638e-13
10985.363 1.7578e-13
11013.503 1.7681e-13
11041.644 1.7578e-13
11069.784 1.7474e-13
11097.925 1.7359e-13
11126.065999999999 1.7207e-13
11154.207 1.7172e-13
11182.348 1.7033e-13
11210.488000000001 1.6938e-13
11238.629 1.6919e-13
11266.769 1.6801e-13
11294.91 1.6669e-13
11323.051 1.6539e-13
11351.192000000001 1.6389e-13
11379.333 1.6201e-13
11407.473 1.6072e-13
11435.614000000001 1.6035e-13
11463.753999999999 1.5953e-13
11491.895 1.5838e-13
11520.035 1.5826e-13
11548.176000000001 1.5777e-13
11576.318000000001 1.5622e-13
11604.458 1.5537e-13
11632.598999999998 1.5381e-13
11660.739 1.5238e-13
11688.88 1.5119e-13
11720.624 1.5288e-13
11760.619 1.5145e-13
11800.613 1.5006e-13
11840.607 1.4835e-13
11880.599999999999 1.4697e-13
11920.595000000001 1.457e-13
11960.59 1.4436e-13
12000.585 1.4304e-13
12040.579 1.419e-13
12080.572999999999 1.4075e-13
12120.565999999999 1.3981e-13
12160.561000000002 1.3924e-13
12200.556 1.3837e-13
12240.551 1.3718e-13
12280.545 1.3588e-13
12320.538999999999 1.349e-13
12360.532 1.3409e-13
12400.526999999998 1.3307e-13
12440.522 1.3182e-13
12480.516 1.3043e-13
12520.511 1.2934e-13
12560.505 1.2817e-13
12600.498 1.2689e-13
12640.492999999999 1.2556e-13
12680.488000000001 1.2403e-13
12720.481 1.2276e-13
12760.476 1.2125e-13
12800.471 1.1999e-13
12840.464 1.1946e-13
12880.458999999999 1.1911e-13
12920.454 1.187e-13
12960.447 1.1803e-13
13000.442000000001 1.1772e-13
13040.437 1.1733e-13
13080.43 1.1682e-13
13120.425 1.1617e-13
13160.419000000002 1.1508e-13
13200.413 1.1425e-13
13240.408 1.1348e-13
13280.402 1.1266e-13
13320.396 1.1161e-13
13360.391 1.1049e-13
13400.384999999998 1.0976e-13
13440.379 1.0901e-13
13480.372000000001 1.0807e-13
13520.367 1.0714e-13
13560.362 1.0645e-13
13600.357 1.0581e-13
13640.350999999999 1.0525e-13
13680.345000000001 1.0471e-13
13720.338000000002 1.0416e-13
13760.333 1.0368e-13
13800.328 1.0298e-13
13840.322 1.0218e-13
13880.317 1.014e-13
13920.311000000002 1.0053e-13
13960.303999999998 9.9685e-14
14000.299 9.8872e-14
14040.294 9.8008e-14
14080.288 9.7373e-14
14120.283 9.6839e-14
14160.276999999998 9.6141e-14
14200.269999999999 9.5408e-14
14240.265000000001 9.496e-14
14280.26 9.4413e-14
14320.253999999999 9.3706e-14
14360.249 9.3139e-14
14400.242999999999 9.2585e-14
14440.235999999999 9.1987e-14
14480.231 9.1333e-14
14520.226 9.0922e-14
14560.219000000001 9.0483e-14
14600.214 8.9817e-14
14640.207999999999 8.9197e-14
14680.202 8.8743e-14
14720.197 8.825e-14
14760.191 8.7445e-14
14800.185 8.6659e-14
14840.18 8.6141e-14
14880.173999999999 8.5782e-14
14920.168 8.5286e-14
14960.163 8.4581e-14
15000.157000000001 8.3973e-14
15040.151 8.3469e-14
15080.146 8.3106e-14
15120.14 8.2617e-14
15160.134 8.2058e-14
15200.129 8.1486e-14
15240.123000000001 8.0994e-14
15280.117 8.0544e-14
15320.11 8.0028e-14
15360.105 7.9715e-14
15400.1 7.9333e-14
15440.094 7.8908e-14
15480.089 7.8275e-14
15520.083 7.7618e-14
15560.076000000001 7.7141e-14
15600.071 7.6618e-14
15640.065999999999 7.5905e-14
15680.06 7.5086e-14
15720.055 7.4454e-14
15760.049 7.3937e-14
15800.042000000001 7.3588e-14
15840.037 7.3157e-14
15880.032 7.2798e-14
15920.026 7.2389e-14
15960.021 7.1875e-14
16000.015000000001 7.1331e-14
16040.008 7.0765e-14
16080.003 7.0192e-14
16119.998 6.9746e-14
16159.991 6.9487e-14
16199.985999999999 6.9003e-14
16239.980000000001 6.8542e-14
16279.974 6.7957e-14
16319.969000000001 6.7214e-14
16359.963 6.6488e-14
16399.957000000002 6.5875e-14
16439.952 6.5467e-14
16479.946 6.521e-14
16519.94 6.4933e-14
16559.934999999998 6.4566e-14
16599.929 6.406e-14
16639.923000000003 6.3363e-14
16679.918 6.2641e-14
16719.912 6.193e-14
16759.906 6.1193e-14
16799.900999999998 6.0483e-14
16839.895 6.0105e-14
16879.889 5.993e-14
16919.883 5.9787e-14
16959.878 5.9551e-14
16999.872 5.9224e-14
17039.865999999998 5.8801e-14
17079.861 5.8225e-14
17119.855 5.7653e-14
17159.847999999998 5.7103e-14
17199.843 5.6567e-14
17239.838 5.5844e-14
17279.832 5.4987e-14
17319.827 5.4153e-14
17359.821 5.352e-14
17399.814 5.3282e-14
17439.809 5.3323e-14
17479.804 5.3258e-14
17519.798 5.301e-14
17559.792999999998 5.2711e-14
17599.787 5.2349e-14
17639.78 5.1899e-14
17679.775 5.1405e-14
17719.769 5.1039e-14
17759.764 5.0654e-14
17799.759 5.0245e-14
17839.752 4.981e-14
17879.746 4.9444e-14
17919.741 4.9087e-14
17959.735 4.8626e-14
17999.729 4.8153e-14
18039.724 4.7585e-14
18079.718 4.7012e-14
18119.712 4.6299e-14
18159.707000000002 4.5685e-14
18199.701 4.5299e-14
18239.695 4.5204e-14
18279.69 4.5123e-14
18319.684 4.4964e-14
18359.678 4.4733e-14
18399.673000000003 4.4348e-14
18439.667 4.4046e-14
18479.661 4.3668e-14
18519.655 4.3397e-14
18559.65 4.2924e-14
18599.644 4.249e-14
18639.638 4.1782e-14
18679.633 4.1086e-14
18719.627 4.0207e-14
18759.621 3.9972e-14
18799.615999999998 4.0334e-14
18839.61 4.0276e-14
18879.604 4.0374e-14
18934.168 3.9901e-14
18991.553 3.9558e-14
19048.938 3.9088e-14
19106.321 3.8627e-14
19163.706000000002 3.8225e-14
19221.091 3.7811e-14
19278.476 3.7407e-14
19335.861 3.6755e-14
19393.246 3.6093e-14
19450.631 3.5714e-14
19508.016 3.5612e-14
19565.401 3.554e-14
19622.786 3.5323e-14
19680.171 3.5003e-14
19737.556 3.458e-14
19794.941 3.418e-14
19852.325 3.3833e-14
19909.71 3.3513e-14
19967.094999999998 3.3207e-14
20024.481 3.2863e-14
20081.866 3.2523e-14
20139.250999999997 3.2209e-14
20196.632999999998 3.1911e-14
20254.018 3.1594e-14
20311.403000000002 3.1296e-14
20368.788 3.0995e-14
20426.173 3.0698e-14
20483.558 3.0418e-14
20540.943 3.008e-14
20598.328 2.9773e-14
20655.713000000003 2.9475e-14
20713.097999999998 2.917e-14
20770.483 2.8872e-14
20827.868000000002 2.8544e-14
20885.253 2.8251e-14
20942.638 2.7979e-14
21000.022999999997 2.7719e-14
21057.408 2.7465e-14
21114.793 2.7165e-14
21172.178 2.6881e-14
21229.563 2.6639e-14
21286.948 2.6459e-14
21344.333 2.6215e-14
21401.718 2.5898e-14
21459.103000000003 2.5609e-14
21516.487999999998 2.5277e-14
21573.873 2.4912e-14
21631.255 2.4611e-14
21688.640000000003 2.4428e-14
21746.025 2.4354e-14
21803.41 2.4298e-14
21860.795 2.4167e-14
21918.18 2.3976e-14
21975.565000000002 2.3757e-14
22032.949999999997 2.35e-14
22090.335 2.3248e-14
22147.72 2.3051e-14
22205.105 2.2864e-14
22262.49 2.2694e-14
22319.874999999996 2.252e-14
22377.26 2.2281e-14
22434.645 2.2085e-14
22492.03 2.19e-14
22549.415 2.1712e-14
22606.8 2.1527e-14
22664.184999999998 2.1269e-14
22721.57 2.1028e-14
22778.955 2.0863e-14
22836.339 2.0687e-14
22893.724 2.0469e-14
22951.109 2.0243e-14
23008.494000000002 2.0055e-14
23065.877 1.9885e-14
23123.262000000002 1.9725e-14
23180.646999999997 1.9529e-14
23238.032 1.9354e-14
23295.417 1.9196e-14
23352.802 1.9055e-14
23410.186999999998 1.892e-14
23467.572 1.8731e-14
23524.957 1.8533e-14
23582.342 1.832e-14
23639.727000000003 1.8141e-14
23697.111999999997 1.7974e-14
23754.497 1.7803e-14
23811.882 1.7673e-14
23869.267 1.7526e-14
23926.650999999998 1.7353e-14
23984.036 1.7186e-14
24041.421000000002 1.7013e-14
24098.806 1.6814e-14
24156.191 1.6606e-14
24213.575999999997 1.6415e-14
24270.961 1.6271e-14
24328.346 1.614e-14
24385.729 1.5968e-14
24443.114 1.5784e-14
24500.498999999996 1.5654e-14
24557.884 1.5509e-14
24615.269 1.5449e-14
24672.654000000002 1.5473e-14
24730.039 1.5452e-14
24787.424 1.54e-14
