3676.0 0.00321345
3677.0 0.00336855
3678.0 0.00297287
3679.0 0.00314894
3680.0 0.00328732
3681.0 0.00302879
3681.0 0.00302879
3682.0 0.00305509
3683.0 0.00313413
3684.0 0.00321628
3685.0 0.00303399
3686.0 0.00295137
3687.0 0.0032405
3687.0 0.0032405
3688.0 0.00287278
3689.0 0.00288216
3690.0 0.00259691
3691.0 0.00297548
3692.0 0.00296167
3692.0 0.00296167
3693.0 0.00282505
3694.0 0.0026626
3695.0 0.00305366
3696.0 0.00282884
3697.0 0.00299681
3697.0 0.00299681
3698.0 0.00312393
3699.0 0.00306206
3700.0 0.00284584
3701.0 0.0030848
3702.0 0.00288372
3702.0 0.00288372
3703.0 0.00307738
3704.0 0.00282011
3705.0 0.00309385
3706.0 0.00281838
3707.0 0.00300084
3708.0 0.00287955
3708.0 0.00287955
3709.0 0.00293365
3710.0 0.00281022
3711.0 0.00275589
3712.0 0.00279226
3713.0 0.00281265
3713.0 0.00281265
3714.0 0.00310163
3715.0 0.00297761
3716.0 0.00283076
3717.0 0.00274733
3718.0 0.00284375
3718.0 0.00284375
3719.0 0.00330098
3720.0 0.00262047
3721.0 0.00287856
3722.0 0.00266511
3723.0 0.00262516
3724.0 0.00260303
3724.0 0.00260303
3725.0 0.00275354
3726.0 0.00271404
3727.0 0.00282087
3728.0 0.00261251
3729.0 0.00272524
3729.0 0.00272524
3730.0 0.00272659
3731.0 0.00308002
3732.0 0.00273494
3733.0 0.00284806
3734.0 0.00278207
3734.0 0.00278207
3735.0 0.00296419
3736.0 0.00291929
3737.0 0.00266728
3738.0 0.00274287
3739.0 0.00267989
3739.0 0.00267989
3740.0 0.00261256
3741.0 0.00293277
3742.0 0.00251764
3743.0 0.00279575
3744.0 0.00264832
3744.0 0.00264832
3745.0 0.00263198
3746.0 0.00261377
3747.0 0.00249157
3748.0 0.00281888
3749.0 0.00254358
3750.0 0.00270097
3750.0 0.00270097
3751.0 0.00258951
3752.0 0.0029174
3753.0 0.00271391
3754.0 0.00257426
3755.0 0.00254526
3755.0 0.00254526
3756.0 0.00255934
3757.0 0.00265671
3758.0 0.0025273
3759.0 0.00222687
3760.0 0.00261413
3760.0 0.00261413
3761.0 0.00237641
3762.0 0.00259068
3763.0 0.00261393
3764.0 0.00267162
3765.0 0.002601
3765.0 0.002601
3766.0 0.0025815
3767.0 0.0024135
3768.0 0.0026241
3769.0 0.00271575
3770.0 0.00247709
3770.0 0.00247709
3771.0 0.00233485
3772.0 0.00260843
3773.0 0.00250337
3774.0 0.00249036
3775.0 0.0025753
3776.0 0.00242916
3776.0 0.00242916
3777.0 0.00226356
3778.0 0.00233341
3779.0 0.00248418
3780.0 0.00252215
3781.0 0.00241078
3781.0 0.00241078
3782.0 0.00243579
3783.0 0.00226836
3784.0 0.00254632
3785.0 0.00235145
3786.0 0.00228652
3786.0 0.00228652
3787.0 0.00238988
3788.0 0.00242239
3789.0 0.00233276
3790.0 0.00234521
3791.0 0.00225076
3791.0 0.00225076
3792.0 0.00217243
3793.0 0.00250559
3794.0 0.00234692
3795.0 0.00242828
3796.0 0.00238958
3796.0 0.00238958
3797.0 0.00240998
3798.0 0.00220976
3799.0 0.00239696
3800.0 0.00238322
3801.0 0.00217472
3801.0 0.00217472
3802.0 0.00245348
3803.0 0.00233794
3804.0 0.00234363
3805.0 0.00225836
3806.0 0.00232883
3806.0 0.00232883
3807.0 0.00210749
3808.0 0.00222421
3809.0 0.00238638
3810.0 0.00227843
3811.0 0.00222276
3811.0 0.00222276
3812.0 0.00224032
3813.0 0.00216065
3814.0 0.0022847
3815.0 0.00221413
3816.0 0.00222438
3816.0 0.00222438
3817.0 0.00231232
3818.0 0.00227792
3819.0 0.00212391
3820.0 0.00221899
3821.0 0.00225433
3821.0 0.00225433
3822.0 0.00204632
3823.0 0.00223757
3824.0 0.00199354
3825.0 0.00224022
3826.0 0.00216687
3826.0 0.00216687
3827.0 0.00219627
3828.0 0.00217214
3829.0 0.00205504
3830.0 0.00202281
3831.0 0.00203843
3832.0 0.00218819
3832.0 0.00218819
3833.0 0.00209522
3834.0 0.00228458
3835.0 0.0020757
3836.0 0.00237364
3837.0 0.00208426
3837.0 0.00208426
3838.0 0.00215406
3839.0 0.00209193
3840.0 0.00191428
3841.0 0.00201788
3842.0 0.00194951
3842.0 0.00194951
3843.0 0.00222775
3844.0 0.00220642
3845.0 0.00217543
3846.0 0.00189433
3847.0 0.00218713
3847.0 0.00218713
3848.0 0.00175054
3849.0 0.00203289
3850.0 0.00198683
3851.0 0.00211904
3852.0 0.00210259
3852.0 0.00210259
3853.0 0.00204719
3854.0 0.00208221
3855.0 0.00194288
3856.0 0.00180126
3857.0 0.00208723
3857.0 0.00208723
3858.0 0.00193216
3859.0 0.00178717
3860.0 0.00198567
3861.0 0.00192704
3862.0 0.00200084
3862.0 0.00200084
3863.0 0.00194585
3864.0 0.00203409
3865.0 0.00190828
3866.0 0.00212929
3866.0 0.00212929
3867.0 0.00195015
3868.0 0.00196904
3869.0 0.00192503
3870.0 0.00198914
3871.0 0.00193896
3871.0 0.00193896
3872.0 0.00202936
3873.0 0.00180836
3874.0 0.00192424
3875.0 0.0019489
3876.0 0.00190096
3876.0 0.00190096
3877.0 0.0018736
3878.0 0.00188795
3879.0 0.00194243
3880.0 0.00174617
3881.0 0.00192464
3881.0 0.00192464
3882.0 0.00188391
3883.0 0.0019488
3884.0 0.00192502
3885.0 0.0018687
3886.0 0.00182468
3886.0 0.00182468
3887.0 0.00191376
3888.0 0.00194849
3889.0 0.00199644
3890.0 0.00192572
3891.0 0.0018232
3891.0 0.0018232
3892.0 0.0017743
3893.0 0.0018792
3894.0 0.00179259
3895.0 0.00196079
3896.0 0.00186432
3896.0 0.00186432
3897.0 0.00189573
3898.0 0.00198298
3899.0 0.00182377
3900.0 0.00194292
3901.0 0.00187682
3901.0 0.00187682
3902.0 0.00180502
3903.0 0.00191891
3904.0 0.00195486
3905.0 0.00191655
3906.0 0.00177338
3906.0 0.00177338
3907.0 0.0018871
3908.0 0.00195694
3909.0 0.00200224
3910.0 0.00194378
3911.0 0.0019258
3911.0 0.0019258
3912.0 0.0018377
3913.0 0.00182304
3914.0 0.00194121
3915.0 0.00188824
3915.0 0.00188824
3916.0 0.00177605
3917.0 0.00173338
3918.0 0.00190296
3919.0 0.00189147
3920.0 0.0017745
3920.0 0.0017745
3921.0 0.00173477
3922.0 0.00189784
3923.0 0.00171753
3924.0 0.00197538
3925.0 0.00174496
3925.0 0.00174496
3926.0 0.00182532
3927.0 0.00190354
3928.0 0.00168915
3929.0 0.00183653
3930.0 0.00183557
3930.0 0.00183557
3931.0 0.00178472
3932.0 0.00181425
3933.0 0.0017565
3934.0 0.00180123
3935.0 0.00182917
3935.0 0.00182917
3936.0 0.00180795
3937.0 0.00176826
3938.0 0.00176382
3939.0 0.0017869
3939.0 0.0017869
3940.0 0.00180463
3941.0 0.00177141
3942.0 0.0018638
3943.0 0.001835
3944.0 0.00182745
3944.0 0.00182745
3945.0 0.00174937
3946.0 0.00178347
3947.0 0.00175789
3948.0 0.00180807
3949.0 0.00179025
3949.0 0.00179025
3950.0 0.00166176
3951.0 0.00180354
3952.0 0.00167955
3953.0 0.00185996
3954.0 0.00179531
3954.0 0.00179531
3955.0 0.00183097
3956.0 0.00172826
3957.0 0.00180608
3958.0 0.00178412
3958.0 0.00178412
3959.0 0.00179602
3960.0 0.00186105
3961.0 0.00177279
3962.0 0.00170099
3963.0 0.00182444
3963.0 0.00182444
3964.0 0.00181136
3965.0 0.00181051
3966.0 0.00174761
3967.0 0.00172368
3968.0 0.00176468
3968.0 0.00176468
3969.0 0.00165803
3970.0 0.00176147
3971.0 0.00171586
3972.0 0.00176161
3972.0 0.00176161
3973.0 0.00173466
3974.0 0.00177907
3975.0 0.00183144
3976.0 0.00176588
3977.0 0.00174088
3977.0 0.00174088
3978.0 0.00171349
3979.0 0.00177844
3980.0 0.00175519
3981.0 0.0018609
3982.0 0.00177022
3982.0 0.00177022
3983.0 0.00182318
3984.0 0.00181762
3985.0 0.00175374
3986.0 0.00174552
3986.0 0.00174552
3987.0 0.00179822
3988.0 0.00176522
3989.0 0.0018422
3990.0 0.00184297
3991.0 0.00183472
3991.0 0.00183472
3992.0 0.00178729
3993.0 0.00168843
3994.0 0.00192095
3995.0 0.00168561
3996.0 0.0017845
3996.0 0.0017845
3997.0 0.00184552
3998.0 0.00187431
3999.0 0.00192485
4000.0 0.00184035
4000.0 0.00184035
4001.0 0.00183681
4002.0 0.0019431
4003.0 0.00187924
4004.0 0.00178163
4005.0 0.00188841
4005.0 0.00188841
4006.0 0.00176086
4007.0 0.00184589
4008.0 0.00202773
4009.0 0.00186029
4009.0 0.00186029
4010.0 0.00185364
4011.0 0.00187218
4012.0 0.0018864
4013.0 0.00205299
4014.0 0.00181693
4014.0 0.00181693
4015.0 0.00183993
4016.0 0.00180837
4017.0 0.00193227
4018.0 0.0019548
4018.0 0.0019548
4019.0 0.00192896
4020.0 0.00208558
4021.0 0.00200894
4022.0 0.00199868
4023.0 0.0021361
4023.0 0.0021361
4024.0 0.00209854
4025.0 0.00209962
4026.0 0.002134
4027.0 0.00224444
4028.0 0.00214032
4028.0 0.00214032
4029.0 0.00221394
4030.0 0.0021137
4031.0 0.00214999
4032.0 0.00220834
4032.0 0.00220834
4033.0 0.00225501
4034.0 0.00222682
4035.0 0.00240008
4036.0 0.00230514
4037.0 0.00238788
4037.0 0.00238788
4038.0 0.00242061
4039.0 0.00257075
4040.0 0.00255058
4041.0 0.00253621
4041.0 0.00253621
4042.0 0.00252992
4043.0 0.00265764
4044.0 0.00258662
4045.0 0.0026084
4046.0 0.00263634
4046.0 0.00263634
4047.0 0.00259048
4048.0 0.00262284
4049.0 0.00269809
4050.0 0.00272488
4050.0 0.00272488
4051.0 0.00270916
4052.0 0.00280593
4053.0 0.00269417
4054.0 0.00284468
4054.0 0.00284468
4055.0 0.00285831
4056.0 0.0028282
4057.0 0.00288387
4058.0 0.00295001
4059.0 0.0029818
4059.0 0.0029818
4060.0 0.00313131
4061.0 0.00316564
4062.0 0.00313035
4063.0 0.00325138
4063.0 0.00325138
4064.0 0.00323004
4065.0 0.00328777
4066.0 0.00325808
4067.0 0.00354573
4068.0 0.00352689
4068.0 0.00352689
4069.0 0.00360586
4070.0 0.00376317
4071.0 0.0037924
4072.0 0.00391422
4072.0 0.00391422
4073.0 0.00405062
4074.0 0.00415182
4075.0 0.00435511
4076.0 0.00453733
4076.0 0.00453733
4077.0 0.00465242
4078.0 0.00497042
4079.0 0.00511314
4080.0 0.00520696
4081.0 0.00548372
4081.0 0.00548372
4082.0 0.00584387
4083.0 0.00605153
4084.0 0.00640987
4085.0 0.00676728
4085.0 0.00676728
4086.0 0.00725655
4087.0 0.00779058
4088.0 0.0081412
4089.0 0.00863867
4090.0 0.00946932
4090.0 0.00946932
4091.0 0.0102714
4092.0 0.0109448
4093.0 0.0118005
4094.0 0.012927
4094.0 0.012927
4095.0 0.0143776
4096.0 0.0153756
4097.0 0.0167039
4098.0 0.0186057
4098.0 0.0186057
4099.0 0.020923
4100.0 0.0224596
4101.0 0.0244224
4102.0 0.0274139
4102.0 0.0274139
4103.0 0.0309408
4104.0 0.0334368
4105.0 0.036012
4106.0 0.0390884
4107.0 0.0438692
4107.0 0.0438692
4108.0 0.0487787
4109.0 0.0526968
4110.0 0.0565767
4111.0 0.0624857
4111.0 0.0624857
4112.0 0.0692996
4113.0 0.0737557
4114.0 0.0781269
4115.0 0.0858859
4115.0 0.0858859
4116.0 0.0934586
4117.0 0.0986971
4118.0 0.1042
4119.0 0.109264
4120.0 0.117997
4120.0 0.117997
4121.0 0.126547
4122.0 0.132609
4123.0 0.138586
4124.0 0.14838
4124.0 0.14838
4125.0 0.158363
4126.0 0.1655
4127.0 0.17244
4128.0 0.183834
4128.0 0.183834
4129.0 0.195948
4130.0 0.203773
4131.0 0.212683
4132.0 0.226248
4132.0 0.226248
4133.0 0.241216
4134.0 0.252166
4135.0 0.26233
4136.0 0.280541
4136.0 0.280541
4137.0 0.298923
4138.0 0.312476
4139.0 0.32397
4140.0 0.339652
4141.0 0.360812
4141.0 0.360812
4142.0 0.381997
4143.0 0.396978
4144.0 0.412532
4145.0 0.435294
4145.0 0.435294
4146.0 0.459235
4147.0 0.474263
4148.0 0.489093
4149.0 0.51103
4149.0 0.51103
4150.0 0.533338
4151.0 0.547776
4152.0 0.561003
4153.0 0.580286
4153.0 0.580286
4154.0 0.599562
4155.0 0.608664
4156.0 0.619685
4157.0 0.634432
4157.0 0.634432
4158.0 0.648046
4159.0 0.65594
4160.0 0.662276
4161.0 0.673273
4161.0 0.673273
4162.0 0.680325
4163.0 0.684703
4164.0 0.689282
4165.0 0.693537
4165.0 0.693537
4166.0 0.696796
4167.0 0.699667
4168.0 0.701544
4169.0 0.70216
4169.0 0.70216
4170.0 0.706171
4171.0 0.705892
4172.0 0.706159
4173.0 0.708106
4174.0 0.707255
4174.0 0.707255
4175.0 0.705961
4176.0 0.708467
4177.0 0.710075
4178.0 0.707399
4178.0 0.707399
4179.0 0.708685
4180.0 0.709996
4181.0 0.71028
4182.0 0.709171
4182.0 0.709171
4183.0 0.712928
4184.0 0.711756
4185.0 0.715121
4186.0 0.716037
4186.0 0.716037
4187.0 0.717767
4188.0 0.72203
4189.0 0.723337
4190.0 0.723839
4190.0 0.723839
4191.0 0.729749
4192.0 0.730476
4193.0 0.73381
4194.0 0.737909
4194.0 0.737909
4195.0 0.741762
4196.0 0.744454
4197.0 0.744805
4198.0 0.750897
4198.0 0.750897
4199.0 0.755575
4200.0 0.759127
4201.0 0.765252
4202.0 0.767043
4202.0 0.767043
4203.0 0.772658
4204.0 0.774847
4205.0 0.776385
4206.0 0.781809
4206.0 0.781809
4207.0 0.782733
4208.0 0.786278
4209.0 0.789354
4210.0 0.790276
4210.0 0.790276
4211.0 0.791578
4212.0 0.793878
4213.0 0.793975
4214.0 0.796233
4214.0 0.796233
4215.0 0.795009
4216.0 0.795587
4217.0 0.796695
4218.0 0.797253
4218.0 0.797253
4219.0 0.793846
4220.0 0.794876
4221.0 0.793156
4221.0 0.793156
4222.0 0.788259
4223.0 0.790343
4224.0 0.79021
4225.0 0.786411
4225.0 0.786411
4226.0 0.784134
4227.0 0.783495
4228.0 0.783492
4229.0 0.780051
4229.0 0.780051
4230.0 0.777113
4231.0 0.774274
4232.0 0.774133
4233.0 0.771557
4233.0 0.771557
4234.0 0.770332
4235.0 0.769031
4236.0 0.768044
4237.0 0.766566
4237.0 0.766566
4238.0 0.765455
4239.0 0.768194
4240.0 0.764226
4241.0 0.76136
4241.0 0.76136
4242.0 0.762752
4243.0 0.760911
4244.0 0.763376
4245.0 0.76442
4245.0 0.76442
4246.0 0.763923
4247.0 0.762009
4248.0 0.766002
4249.0 0.764609
4249.0 0.764609
4250.0 0.765926
4251.0 0.767954
4252.0 0.767649
4252.0 0.767649
4253.0 0.767826
4254.0 0.769397
4255.0 0.769613
4256.0 0.768703
4256.0 0.768703
4257.0 0.772278
4258.0 0.770309
4259.0 0.77199
4260.0 0.772935
4260.0 0.772935
4261.0 0.772986
4262.0 0.77065
4263.0 0.775027
4264.0 0.776219
4264.0 0.776219
4265.0 0.77652
4266.0 0.775247
4267.0 0.779378
4268.0 0.779185
4268.0 0.779185
4269.0 0.777182
4270.0 0.779909
4271.0 0.778105
4271.0 0.778105
4272.0 0.779996
4273.0 0.777857
4274.0 0.77854
4275.0 0.780488
4275.0 0.780488
4276.0 0.780258
4277.0 0.78028
4278.0 0.778696
4279.0 0.780021
4279.0 0.780021
4280.0 0.781268
4281.0 0.778531
4282.0 0.781323
4283.0 0.781176
4283.0 0.781176
4284.0 0.780803
4285.0 0.782495
4286.0 0.781154
4286.0 0.781154
4287.0 0.783417
4288.0 0.782968
4289.0 0.782551
4290.0 0.784197
4290.0 0.784197
4291.0 0.785071
4292.0 0.785914
4293.0 0.785643
4294.0 0.78581
4294.0 0.78581
4295.0 0.788234
4296.0 0.788081
4297.0 0.787813
4297.0 0.787813
4298.0 0.789234
4299.0 0.790831
4300.0 0.789302
4301.0 0.791063
4301.0 0.791063
4302.0 0.793356
4303.0 0.793394
4304.0 0.795872
4305.0 0.796456
4305.0 0.796456
4306.0 0.793337
4307.0 0.797102
4308.0 0.798928
4308.0 0.798928
4309.0 0.802197
4310.0 0.800381
4311.0 0.802741
4312.0 0.803079
4312.0 0.803079
4313.0 0.804447
4314.0 0.804311
4315.0 0.806009
4316.0 0.805612
4316.0 0.805612
4317.0 0.806395
4318.0 0.806748
4319.0 0.810325
4319.0 0.810325
4320.0 0.808734
4321.0 0.809336
4322.0 0.812581
4323.0 0.810909
4323.0 0.810909
4324.0 0.812938
4325.0 0.811047
4326.0 0.810726
4326.0 0.810726
4327.0 0.815125
4328.0 0.815966
4329.0 0.814579
4330.0 0.815025
4330.0 0.815025
4331.0 0.81597
4332.0 0.814868
4333.0 0.818167
4334.0 0.816028
4334.0 0.816028
4335.0 0.816649
4336.0 0.818235
4337.0 0.817652
4337.0 0.817652
4338.0 0.818145
4339.0 0.818953
4340.0 0.818852
4341.0 0.819306
4341.0 0.819306
4342.0 0.818793
4343.0 0.816209
4344.0 0.818681
4344.0 0.818681
4345.0 0.81908
4346.0 0.819937
4347.0 0.819633
4348.0 0.818964
4348.0 0.818964
4349.0 0.819164
4350.0 0.818834
4351.0 0.818494
4351.0 0.818494
4352.0 0.822803
4353.0 0.819998
4354.0 0.821712
4355.0 0.821384
4355.0 0.821384
4356.0 0.821634
4357.0 0.821818
4358.0 0.820511
4358.0 0.820511
4359.0 0.819597
4360.0 0.819536
4361.0 0.821038
4362.0 0.820396
4362.0 0.820396
4363.0 0.820761
4364.0 0.822048
4365.0 0.819717
4365.0 0.819717
4366.0 0.819856
4367.0 0.819619
4368.0 0.818016
4369.0 0.816439
4369.0 0.816439
4370.0 0.816653
4371.0 0.815224
4372.0 0.815957
4372.0 0.815957
4373.0 0.811825
4374.0 0.810807
4375.0 0.811718
4375.0 0.811718
4376.0 0.808653
4377.0 0.811594
4378.0 0.806179
4379.0 0.805476
4379.0 0.805476
4380.0 0.804017
4381.0 0.802442
4382.0 0.79896
4382.0 0.79896
4383.0 0.799295
4384.0 0.798175
4385.0 0.796107
4386.0 0.795922
4386.0 0.795922
4387.0 0.793374
4388.0 0.792319
4389.0 0.789924
4389.0 0.789924
4390.0 0.78579
4391.0 0.78827
4392.0 0.784481
4392.0 0.784481
4393.0 0.781943
4394.0 0.782579
4395.0 0.780942
4396.0 0.778728
4396.0 0.778728
4397.0 0.774321
4398.0 0.775389
4399.0 0.774482
4399.0 0.774482
4400.0 0.773602
4401.0 0.771891
4402.0 0.771285
4402.0 0.771285
4403.0 0.772168
4404.0 0.768875
4405.0 0.772033
4406.0 0.771566
4406.0 0.771566
4407.0 0.771808
4408.0 0.767423
4409.0 0.767584
4410.0 0.769955
4410.0 0.769955
4411.0 0.770895
4412.0 0.774682
4413.0 0.773123
4413.0 0.773123
4414.0 0.7736
4415.0 0.770598
4416.0 0.770516
4417.0 0.773736
4417.0 0.773736
4418.0 0.773191
4419.0 0.779659
4420.0 0.776633
4421.0 0.778393
4421.0 0.778393
4422.0 0.780778
4423.0 0.781015
4424.0 0.77957
4425.0 0.781327
4425.0 0.781327
4426.0 0.779736
4427.0 0.786939
4428.0 0.788895
4429.0 0.789471
4429.0 0.789471
4430.0 0.792432
4431.0 0.789298
4432.0 0.795856
4433.0 0.798571
4433.0 0.798571
4434.0 0.800963
4435.0 0.803482
4436.0 0.799211
4437.0 0.807144
4437.0 0.807144
4438.0 0.805804
4439.0 0.809483
4440.0 0.80895
4440.0 0.80895
4441.0 0.816278
4442.0 0.811887
4443.0 0.817269
4444.0 0.815371
4444.0 0.815371
4445.0 0.8196
4446.0 0.8194
4447.0 0.814324
4448.0 0.8191
4448.0 0.8191
4449.0 0.82335
4450.0 0.825946
4451.0 0.826103
4452.0 0.822627
4452.0 0.822627
4453.0 0.829293
4454.0 0.824415
4455.0 0.824882
4456.0 0.825296
4456.0 0.825296
4457.0 0.830153
4458.0 0.827975
4459.0 0.826229
4459.0 0.826229
4460.0 0.827464
4461.0 0.827892
4462.0 0.829047
4463.0 0.827607
4463.0 0.827607
4464.0 0.822632
4465.0 0.824349
4466.0 0.828571
4467.0 0.826022
4467.0 0.826022
4468.0 0.818783
4469.0 0.82377
4470.0 0.823511
4471.0 0.821956
4471.0 0.821956
4472.0 0.823453
4473.0 0.822863
4474.0 0.820163
4474.0 0.820163
4475.0 0.816671
4476.0 0.818526
4477.0 0.820768
4478.0 0.819507
4478.0 0.819507
4479.0 0.818214
4480.0 0.815966
4481.0 0.812505
4482.0 0.813182
4482.0 0.813182
4483.0 0.811133
4484.0 0.814358
4485.0 0.810535
4486.0 0.80842
4486.0 0.80842
4487.0 0.809115
4488.0 0.812094
4489.0 0.807701
4490.0 0.808174
4490.0 0.808174
4491.0 0.806667
4492.0 0.805851
4493.0 0.804406
4493.0 0.804406
4494.0 0.804922
4495.0 0.807836
4496.0 0.802174
4497.0 0.802937
4497.0 0.802937
4498.0 0.804563
4499.0 0.802617
4500.0 0.808056
4501.0 0.801714
4501.0 0.801714
4502.0 0.803938
4503.0 0.80137
4504.0 0.80312
4504.0 0.80312
4505.0 0.801666
4506.0 0.797892
4507.0 0.805656
4508.0 0.798625
4508.0 0.798625
4509.0 0.799932
4510.0 0.798744
4511.0 0.802934
4512.0 0.800881
4512.0 0.800881
4513.0 0.797733
4514.0 0.798438
4515.0 0.796886
4516.0 0.802819
4516.0 0.802819
4517.0 0.798775
4518.0 0.79918
4519.0 0.798776
4519.0 0.798776
4520.0 0.802814
4521.0 0.802173
4522.0 0.797448
4523.0 0.802409
4523.0 0.802409
4524.0 0.801112
4525.0 0.800185
4526.0 0.799902
4527.0 0.800372
4527.0 0.800372
4528.0 0.799576
4529.0 0.799588
4530.0 0.80157
4530.0 0.80157
4531.0 0.80134
4532.0 0.805601
4533.0 0.801599
4534.0 0.801729
4534.0 0.801729
4535.0 0.802069
4536.0 0.804233
4537.0 0.804368
4538.0 0.804275
4538.0 0.804275
4539.0 0.806019
4540.0 0.80319
4541.0 0.807533
4541.0 0.807533
4542.0 0.802458
4543.0 0.804525
4544.0 0.80864
4545.0 0.807883
4545.0 0.807883
4546.0 0.8084
4547.0 0.808943
4548.0 0.811719
4549.0 0.813049
4549.0 0.813049
4550.0 0.813504
4551.0 0.812827
4552.0 0.812387
4552.0 0.812387
4553.0 0.816817
4554.0 0.816151
4555.0 0.819178
4556.0 0.815444
4556.0 0.815444
4557.0 0.817015
4558.0 0.813284
4559.0 0.81678
4559.0 0.81678
4560.0 0.818949
4561.0 0.823807
4562.0 0.817279
4563.0 0.821154
4563.0 0.821154
4564.0 0.822416
4565.0 0.822224
4566.0 0.822875
4567.0 0.823505
4567.0 0.823505
4568.0 0.826857
4569.0 0.828932
4570.0 0.826158
4570.0 0.826158
4571.0 0.826174
4572.0 0.831976
4573.0 0.827338
4574.0 0.829444
4574.0 0.829444
4575.0 0.831137
4576.0 0.83403
4577.0 0.832364
4577.0 0.832364
4578.0 0.831344
4579.0 0.835564
4580.0 0.83924
4581.0 0.83486
4581.0 0.83486
4582.0 0.835756
4583.0 0.838863
4584.0 0.835772
4585.0 0.837325
4585.0 0.837325
4586.0 0.840087
4587.0 0.843979
4588.0 0.840108
4588.0 0.840108
4589.0 0.837144
4590.0 0.842226
4591.0 0.841728
4592.0 0.843256
4592.0 0.843256
4593.0 0.847271
4594.0 0.839322
4595.0 0.844312
4595.0 0.844312
4596.0 0.843839
4597.0 0.846933
4598.0 0.844106
4599.0 0.842039
4599.0 0.842039
4600.0 0.842802
4601.0 0.841242
4602.0 0.840801
4602.0 0.840801
4603.0 0.840511
4604.0 0.842037
4605.0 0.844539
4606.0 0.841604
4606.0 0.841604
4607.0 0.84089
4608.0 0.845086
4609.0 0.842642
4609.0 0.842642
4610.0 0.838432
4611.0 0.84114
4612.0 0.836776
4613.0 0.839008
4613.0 0.839008
4614.0 0.840418
4615.0 0.837787
4616.0 0.840088
4617.0 0.836722
4617.0 0.836722
4618.0 0.835063
4619.0 0.837098
4620.0 0.834477
4620.0 0.834477
4621.0 0.837715
4622.0 0.831599
4623.0 0.832672
4624.0 0.834257
4624.0 0.834257
4625.0 0.833715
4626.0 0.835605
4627.0 0.828985
4627.0 0.828985
4628.0 0.832246
4629.0 0.832973
4630.0 0.830114
4630.0 0.830114
4631.0 0.832469
4632.0 0.829026
4633.0 0.83366
4634.0 0.828938
4634.0 0.828938
4635.0 0.830194
4636.0 0.827391
4637.0 0.827307
4637.0 0.827307
4638.0 0.826422
4639.0 0.827156
4640.0 0.827924
4641.0 0.827488
4641.0 0.827488
4642.0 0.826865
4643.0 0.828613
4644.0 0.826736
4644.0 0.826736
4645.0 0.826776
4646.0 0.829594
4647.0 0.826658
4648.0 0.826083
4648.0 0.826083
4649.0 0.829855
4650.0 0.826304
4651.0 0.826261
4651.0 0.826261
4652.0 0.827079
4653.0 0.829502
4654.0 0.828123
4655.0 0.829703
4655.0 0.829703
4656.0 0.828405
4657.0 0.833958
4658.0 0.828303
4658.0 0.828303
4659.0 0.831998
4660.0 0.827401
4661.0 0.830415
4662.0 0.830495
4662.0 0.830495
4663.0 0.830273
4664.0 0.832951
4665.0 0.83144
4665.0 0.83144
4666.0 0.83462
4667.0 0.830607
4668.0 0.829681
4668.0 0.829681
4669.0 0.83307
4670.0 0.831492
4671.0 0.834084
4672.0 0.832693
4672.0 0.832693
4673.0 0.83106
4674.0 0.834298
4675.0 0.832754
4675.0 0.832754
4676.0 0.830705
4677.0 0.828364
4678.0 0.834213
4679.0 0.833374
4679.0 0.833374
4680.0 0.83328
4681.0 0.829534
4682.0 0.833169
4682.0 0.833169
4683.0 0.83557
4684.0 0.833365
4685.0 0.83326
4685.0 0.83326
4686.0 0.833046
4687.0 0.835203
4688.0 0.834829
4689.0 0.829975
4689.0 0.829975
4690.0 0.831214
4691.0 0.831695
4692.0 0.832576
4692.0 0.832576
4693.0 0.830896
4694.0 0.829927
4695.0 0.83318
4695.0 0.83318
4696.0 0.829047
4697.0 0.82931
4698.0 0.828933
4699.0 0.830606
4699.0 0.830606
4700.0 0.828974
4701.0 0.826402
4702.0 0.82973
4702.0 0.82973
4703.0 0.829764
4704.0 0.831475
4705.0 0.829558
4705.0 0.829558
4706.0 0.828786
4707.0 0.828646
4708.0 0.82745
4709.0 0.827189
4709.0 0.827189
4710.0 0.826029
4711.0 0.828996
4712.0 0.829554
4712.0 0.829554
4713.0 0.823786
4714.0 0.825892
4715.0 0.829327
4715.0 0.829327
4716.0 0.828369
4717.0 0.829879
4718.0 0.827244
4719.0 0.83155
4719.0 0.83155
4720.0 0.833749
4721.0 0.830165
4722.0 0.83329
4722.0 0.83329
4723.0 0.83081
4724.0 0.833321
4725.0 0.830308
4725.0 0.830308
4726.0 0.836352
4727.0 0.834644
4728.0 0.836504
4728.0 0.836504
4729.0 0.83328
4730.0 0.834969
4731.0 0.835414
4732.0 0.839039
4732.0 0.839039
4733.0 0.836285
4734.0 0.838938
4735.0 0.840155
4735.0 0.840155
4736.0 0.839814
4737.0 0.842358
4738.0 0.841974
4738.0 0.841974
4739.0 0.841855
4740.0 0.845919
4741.0 0.844839
4741.0 0.844839
4742.0 0.84659
4743.0 0.843456
4744.0 0.846908
4745.0 0.85085
4745.0 0.85085
4746.0 0.847903
4747.0 0.849079
4748.0 0.849694
4748.0 0.849694
4749.0 0.847363
4750.0 0.848209
4751.0 0.848138
4751.0 0.848138
4752.0 0.852411
4753.0 0.85005
4754.0 0.853885
4754.0 0.853885
4755.0 0.852476
4756.0 0.855876
4757.0 0.85135
4758.0 0.854081
4758.0 0.854081
4759.0 0.853318
4760.0 0.853461
4761.0 0.853185
4761.0 0.853185
4762.0 0.85728
4763.0 0.857232
4764.0 0.855879
4764.0 0.855879
4765.0 0.856898
4766.0 0.854337
4767.0 0.855678
4767.0 0.855678
4768.0 0.855447
4769.0 0.854424
4770.0 0.85237
4770.0 0.85237
4771.0 0.852983
4772.0 0.854359
4773.0 0.856412
4774.0 0.85168
4774.0 0.85168
4775.0 0.853243
4776.0 0.856459
4777.0 0.851694
4777.0 0.851694
4778.0 0.85363
4779.0 0.852479
4780.0 0.850145
4780.0 0.850145
4781.0 0.849732
4782.0 0.851131
4783.0 0.847808
4783.0 0.847808
4784.0 0.848695
4785.0 0.845391
4786.0 0.846697
4786.0 0.846697
4787.0 0.843301
4788.0 0.847514
4789.0 0.844184
4789.0 0.844184
4790.0 0.841635
4791.0 0.846804
4792.0 0.842247
4792.0 0.842247
4793.0 0.838583
4794.0 0.840293
4795.0 0.841118
4796.0 0.83979
4796.0 0.83979
4797.0 0.835771
4798.0 0.837634
4799.0 0.838245
4799.0 0.838245
4800.0 0.837121
4801.0 0.831832
4802.0 0.834814
4802.0 0.834814
4803.0 0.833162
4804.0 0.832929
4805.0 0.832057
4805.0 0.832057
4806.0 0.831227
4807.0 0.826971
4808.0 0.827984
4808.0 0.827984
4809.0 0.829698
4810.0 0.830191
4811.0 0.82666
4811.0 0.82666
4812.0 0.826332
4813.0 0.825311
4814.0 0.827003
4814.0 0.827003
4815.0 0.826629
4816.0 0.827821
4817.0 0.825272
4817.0 0.825272
4818.0 0.82398
4819.0 0.82377
4820.0 0.822059
4820.0 0.822059
4821.0 0.824292
4822.0 0.824554
4823.0 0.821758
4823.0 0.821758
4824.0 0.822088
4825.0 0.820399
4826.0 0.820598
4826.0 0.820598
4827.0 0.82141
4828.0 0.821903
4829.0 0.820789
4829.0 0.820789
4830.0 0.819891
4831.0 0.82147
4832.0 0.818275
4832.0 0.818275
4833.0 0.817533
4834.0 0.82108
4835.0 0.819035
4835.0 0.819035
4836.0 0.820266
4837.0 0.819486
4838.0 0.82421
4839.0 0.823252
4839.0 0.823252
4840.0 0.817382
4841.0 0.820838
4842.0 0.823625
4842.0 0.823625
4843.0 0.822105
4844.0 0.82075
4845.0 0.822686
4845.0 0.822686
4846.0 0.821231
4847.0 0.82463
4848.0 0.823642
4848.0 0.823642
4849.0 0.82417
4850.0 0.823043
4851.0 0.823933
4851.0 0.823933
4852.0 0.825936
4853.0 0.82646
4854.0 0.82832
4854.0 0.82832
4855.0 0.828883
4856.0 0.82524
4857.0 0.826081
4857.0 0.826081
4858.0 0.827753
4859.0 0.828916
4859.0 0.828916
4860.0 0.827107
4861.0 0.831079
4862.0 0.82931
4862.0 0.82931
4863.0 0.831216
4864.0 0.832474
4865.0 0.834544
4865.0 0.834544
4866.0 0.831159
4867.0 0.833994
4868.0 0.834445
4868.0 0.834445
4869.0 0.835182
4870.0 0.835516
4871.0 0.836342
4871.0 0.836342
4872.0 0.835359
4873.0 0.83953
4874.0 0.837803
4874.0 0.837803
4875.0 0.836781
4876.0 0.839351
4877.0 0.839074
4877.0 0.839074
4878.0 0.845048
4879.0 0.842076
4880.0 0.842404
4880.0 0.842404
4881.0 0.84
4882.0 0.841016
4883.0 0.843555
4883.0 0.843555
4884.0 0.844826
4885.0 0.841152
4886.0 0.844139
4886.0 0.844139
4887.0 0.846607
4888.0 0.846415
4889.0 0.848052
4889.0 0.848052
4890.0 0.84866
4891.0 0.847246
4892.0 0.848722
4892.0 0.848722
4893.0 0.848158
4894.0 0.848833
4895.0 0.851291
4895.0 0.851291
4896.0 0.851877
4897.0 0.850367
4898.0 0.849767
4898.0 0.849767
4899.0 0.851298
4900.0 0.850297
4900.0 0.850297
4901.0 0.852786
4902.0 0.851981
4903.0 0.853464
4903.0 0.853464
4904.0 0.856151
4905.0 0.853714
4906.0 0.851433
4906.0 0.851433
4907.0 0.850976
4908.0 0.853041
4909.0 0.852359
4909.0 0.852359
4910.0 0.850944
4911.0 0.854105
4912.0 0.852033
4912.0 0.852033
4913.0 0.854459
4914.0 0.851935
4915.0 0.853873
4915.0 0.853873
4916.0 0.85556
4917.0 0.856168
4918.0 0.854363
4918.0 0.854363
4919.0 0.855708
4920.0 0.85627
4920.0 0.85627
4921.0 0.851988
4922.0 0.855294
4923.0 0.852267
4923.0 0.852267
4924.0 0.853828
4924.0 0.853828
4925.0 0.856168
4926.0 0.854763
4927.0 0.853356
4927.0 0.853356
4928.0 0.852631
4929.0 0.84922
4930.0 0.852327
4930.0 0.852327
4931.0 0.854899
4932.0 0.852683
4933.0 0.853029
4933.0 0.853029
4934.0 0.852878
4935.0 0.851407
4936.0 0.85248
4937.0 0.852826
4937.0 0.852826
4938.0 0.850981
4939.0 0.854366
4940.0 0.853042
4940.0 0.853042
4941.0 0.851151
4942.0 0.850979
4943.0 0.85014
4943.0 0.85014
4944.0 0.848505
4945.0 0.847189
4946.0 0.849857
4946.0 0.849857
4947.0 0.846252
4948.0 0.851711
4949.0 0.848752
4949.0 0.848752
4950.0 0.84967
4951.0 0.846567
4952.0 0.846248
4952.0 0.846248
4953.0 0.84848
4954.0 0.846923
4955.0 0.84846
4955.0 0.84846
4956.0 0.843871
4957.0 0.844339
4958.0 0.847443
4958.0 0.847443
4959.0 0.843202
4960.0 0.844484
4961.0 0.841973
4961.0 0.841973
4962.0 0.842031
4963.0 0.842027
4964.0 0.844029
4964.0 0.844029
4965.0 0.844921
4966.0 0.841704
4967.0 0.840288
4967.0 0.840288
4968.0 0.842958
4969.0 0.842148
4970.0 0.840681
4970.0 0.840681
4971.0 0.841195
4972.0 0.83739
4973.0 0.836047
4974.0 0.840848
4974.0 0.840848
4975.0 0.837794
4976.0 0.838984
4977.0 0.83682
4977.0 0.83682
4978.0 0.835512
4979.0 0.834545
4980.0 0.835851
4980.0 0.835851
4981.0 0.835311
4982.0 0.834556
4983.0 0.834192
4983.0 0.834192
4984.0 0.833716
4985.0 0.83655
4986.0 0.834943
4986.0 0.834943
4987.0 0.834706
4988.0 0.833911
4989.0 0.833414
4989.0 0.833414
4990.0 0.833239
4991.0 0.833129
4992.0 0.831874
4992.0 0.831874
4993.0 0.833369
4994.0 0.829999
4995.0 0.832335
4995.0 0.832335
4996.0 0.831529
4997.0 0.827602
4998.0 0.830545
4998.0 0.830545
4999.0 0.830778
5000.0 0.830189
5001.0 0.8306
5001.0 0.8306
5002.0 0.829126
5003.0 0.83176
5004.0 0.827801
5004.0 0.827801
5005.0 0.829759
5006.0 0.829322
5007.0 0.831395
5007.0 0.831395
5008.0 0.830425
5009.0 0.8299
5010.0 0.827922
5010.0 0.827922
5011.0 0.830086
5012.0 0.827185
5013.0 0.831104
5013.0 0.831104
5014.0 0.828617
5015.0 0.830784
5016.0 0.830708
5016.0 0.830708
5017.0 0.830659
5018.0 0.830698
5019.0 0.828529
5019.0 0.828529
5020.0 0.833001
5021.0 0.831938
5022.0 0.832025
5022.0 0.832025
5023.0 0.832692
5024.0 0.834024
5025.0 0.83388
5025.0 0.83388
5026.0 0.834946
5027.0 0.833862
5028.0 0.834421
5028.0 0.834421
5029.0 0.833037
5030.0 0.836394
5031.0 0.83451
5031.0 0.83451
5032.0 0.837047
5033.0 0.833888
5034.0 0.837401
5034.0 0.837401
5035.0 0.837377
5036.0 0.837333
5037.0 0.838908
5037.0 0.838908
5038.0 0.837024
5039.0 0.837675
5040.0 0.838521
5040.0 0.838521
5041.0 0.840484
5042.0 0.840396
5043.0 0.840281
5043.0 0.840281
5044.0 0.838608
5045.0 0.83956
5046.0 0.84264
5046.0 0.84264
5047.0 0.841706
5048.0 0.842891
5049.0 0.843333
5049.0 0.843333
5050.0 0.841639
5051.0 0.840826
5052.0 0.842828
5052.0 0.842828
5053.0 0.843861
5054.0 0.845847
5054.0 0.845847
5055.0 0.845611
5056.0 0.84406
5057.0 0.848137
5057.0 0.848137
5058.0 0.848885
5059.0 0.846752
5060.0 0.848931
5060.0 0.848931
5061.0 0.848194
5062.0 0.847207
5063.0 0.850164
5063.0 0.850164
5064.0 0.847504
5065.0 0.848866
5066.0 0.849593
5066.0 0.849593
5067.0 0.851374
5068.0 0.852743
5069.0 0.850918
5069.0 0.850918
5070.0 0.848936
5071.0 0.851264
5072.0 0.85228
5072.0 0.85228
5073.0 0.850869
5074.0 0.851744
5075.0 0.852208
5075.0 0.852208
5076.0 0.850849
5077.0 0.854174
5078.0 0.8534
5078.0 0.8534
5079.0 0.851402
5080.0 0.851621
5081.0 0.851467
5081.0 0.851467
5082.0 0.854174
5083.0 0.850669
5084.0 0.851637
5084.0 0.851637
5085.0 0.853068
5086.0 0.851565
5086.0 0.851565
5087.0 0.850247
5088.0 0.853193
5089.0 0.853918
5089.0 0.853918
5090.0 0.850452
5091.0 0.852314
5092.0 0.852946
5092.0 0.852946
5093.0 0.850843
5094.0 0.852627
5095.0 0.852502
5095.0 0.852502
5096.0 0.850291
5097.0 0.849806
5098.0 0.850139
5098.0 0.850139
5099.0 0.850639
5100.0 0.851887
5101.0 0.849891
5101.0 0.849891
5102.0 0.852413
5103.0 0.851656
5104.0 0.850402
5104.0 0.850402
5105.0 0.851063
5106.0 0.850027
5107.0 0.848278
5107.0 0.848278
5108.0 0.851409
5109.0 0.849647
5109.0 0.849647
5110.0 0.847524
5111.0 0.850567
5112.0 0.84907
5112.0 0.84907
5113.0 0.85084
5114.0 0.847086
5115.0 0.84922
5115.0 0.84922
5116.0 0.849201
5117.0 0.849449
5118.0 0.848454
5118.0 0.848454
5119.0 0.850231
5120.0 0.846932
5121.0 0.850223
5121.0 0.850223
5122.0 0.848328
5123.0 0.848095
5124.0 0.849327
5124.0 0.849327
5125.0 0.848647
5126.0 0.849788
5126.0 0.849788
5127.0 0.849927
5128.0 0.848936
5129.0 0.848178
5129.0 0.848178
5130.0 0.847935
5131.0 0.849238
5132.0 0.847442
5132.0 0.847442
5133.0 0.847204
5134.0 0.846172
5135.0 0.848927
5135.0 0.848927
5136.0 0.845957
5137.0 0.844917
5138.0 0.848609
5138.0 0.848609
5139.0 0.847664
5140.0 0.847915
5140.0 0.847915
5141.0 0.848377
5142.0 0.84924
5143.0 0.845889
5143.0 0.845889
5144.0 0.848974
5145.0 0.846365
5146.0 0.847323
5146.0 0.847323
5147.0 0.847534
5148.0 0.847517
5149.0 0.847209
5149.0 0.847209
5150.0 0.847479
5151.0 0.846809
5151.0 0.846809
5152.0 0.846348
5153.0 0.844233
5154.0 0.846916
5154.0 0.846916
5155.0 0.845851
5156.0 0.844706
5157.0 0.846408
5157.0 0.846408
5158.0 0.843066
5159.0 0.843163
5160.0 0.843954
5160.0 0.843954
5161.0 0.845171
5162.0 0.846361
5163.0 0.845848
5163.0 0.845848
5164.0 0.844919
5165.0 0.84438
5165.0 0.84438
5166.0 0.842654
5167.0 0.841648
5168.0 0.843639
5168.0 0.843639
5169.0 0.843088
5170.0 0.843145
5171.0 0.844688
5171.0 0.844688
5172.0 0.844496
5173.0 0.842897
5173.0 0.842897
5174.0 0.843123
5175.0 0.844963
5176.0 0.842232
5176.0 0.842232
5177.0 0.845404
5178.0 0.843866
5179.0 0.84245
5179.0 0.84245
5180.0 0.844114
5181.0 0.840146
5182.0 0.844394
5182.0 0.844394
5183.0 0.842808
5184.0 0.843914
5184.0 0.843914
5185.0 0.842048
5186.0 0.844805
5187.0 0.84304
5187.0 0.84304
5188.0 0.843347
5189.0 0.84034
5190.0 0.843869
5190.0 0.843869
5191.0 0.840618
5192.0 0.843763
5192.0 0.843763
5193.0 0.842511
5194.0 0.844055
5195.0 0.844253
5195.0 0.844253
5196.0 0.842767
5197.0 0.843474
5198.0 0.843411
5198.0 0.843411
5199.0 0.843106
5200.0 0.842762
5201.0 0.842502
5201.0 0.842502
5202.0 0.842753
5203.0 0.84338
5203.0 0.84338
5204.0 0.843516
5205.0 0.845586
5206.0 0.843222
5206.0 0.843222
5207.0 0.844911
5208.0 0.843906
5209.0 0.842346
5209.0 0.842346
5210.0 0.843406
5211.0 0.846043
5211.0 0.846043
5212.0 0.843583
5213.0 0.846539
5214.0 0.84464
5214.0 0.84464
5215.0 0.844295
5216.0 0.846427
5217.0 0.845365
5217.0 0.845365
5218.0 0.844566
5219.0 0.845016
5219.0 0.845016
5220.0 0.845846
5221.0 0.845326
5222.0 0.846492
5222.0 0.846492
5223.0 0.849602
5224.0 0.845956
5224.0 0.845956
5225.0 0.849388
5226.0 0.844192
5227.0 0.848007
5227.0 0.848007
5228.0 0.847262
5229.0 0.846774
5230.0 0.849297
5230.0 0.849297
5231.0 0.849627
5232.0 0.847959
5232.0 0.847959
5233.0 0.84814
5234.0 0.848393
5235.0 0.848754
5235.0 0.848754
5236.0 0.848828
5237.0 0.849496
5238.0 0.84994
5238.0 0.84994
5239.0 0.84902
5240.0 0.849232
5240.0 0.849232
5241.0 0.852116
5242.0 0.847814
5243.0 0.849255
5243.0 0.849255
5244.0 0.849253
5245.0 0.850748
5245.0 0.850748
5246.0 0.847692
5247.0 0.848965
5248.0 0.850452
5248.0 0.850452
5249.0 0.851311
5250.0 0.848798
5251.0 0.84722
5251.0 0.84722
5252.0 0.849019
5253.0 0.848748
5253.0 0.848748
5254.0 0.850915
5255.0 0.852187
5256.0 0.849568
5256.0 0.849568
5257.0 0.850552
5258.0 0.850029
5258.0 0.850029
5259.0 0.847105
5260.0 0.850008
5261.0 0.848354
5261.0 0.848354
5262.0 0.849373
5263.0 0.846926
5263.0 0.846926
5264.0 0.848457
5265.0 0.846487
5266.0 0.848855
5266.0 0.848855
5267.0 0.847272
5268.0 0.847024
5269.0 0.846226
5269.0 0.846226
5270.0 0.847646
5271.0 0.843551
5271.0 0.843551
5272.0 0.843948
5273.0 0.844973
5274.0 0.842005
5274.0 0.842005
5275.0 0.844814
5276.0 0.841569
5276.0 0.841569
5277.0 0.840583
5278.0 0.841877
5279.0 0.842069
5279.0 0.842069
5280.0 0.83903
5281.0 0.84016
5281.0 0.84016
5282.0 0.838245
5283.0 0.839124
5284.0 0.838348
5284.0 0.838348
5285.0 0.837713
5286.0 0.838243
5286.0 0.838243
5287.0 0.837052
5288.0 0.836406
5289.0 0.837712
5289.0 0.837712
5290.0 0.837182
5291.0 0.835865
5291.0 0.835865
5292.0 0.835007
5293.0 0.83456
5294.0 0.835323
5294.0 0.835323
5295.0 0.834944
5296.0 0.835308
5296.0 0.835308
5297.0 0.834314
5298.0 0.83364
5299.0 0.833569
5299.0 0.833569
5300.0 0.833695
5301.0 0.833379
5301.0 0.833379
5302.0 0.834783
5303.0 0.833461
5304.0 0.833379
5304.0 0.833379
5305.0 0.833845
5306.0 0.833124
5306.0 0.833124
5307.0 0.833113
5308.0 0.832822
5309.0 0.833355
5309.0 0.833355
5310.0 0.832445
5311.0 0.835068
5311.0 0.835068
5312.0 0.834801
5313.0 0.833237
5314.0 0.834861
5314.0 0.834861
5315.0 0.833655
5316.0 0.835105
5316.0 0.835105
5317.0 0.834739
5318.0 0.835461
5319.0 0.836324
5319.0 0.836324
5320.0 0.832695
5321.0 0.835904
5321.0 0.835904
5322.0 0.83701
5323.0 0.835756
5324.0 0.837345
5324.0 0.837345
5325.0 0.839604
5326.0 0.838347
5326.0 0.838347
5327.0 0.841585
5328.0 0.840116
5328.0 0.840116
5329.0 0.836922
5330.0 0.83998
5331.0 0.840987
5331.0 0.840987
5332.0 0.840972
5333.0 0.841069
5333.0 0.841069
5334.0 0.840695
5335.0 0.84107
5336.0 0.842844
5336.0 0.842844
5337.0 0.843386
5338.0 0.841784
5338.0 0.841784
5339.0 0.841423
5340.0 0.842098
5341.0 0.845741
5341.0 0.845741
5342.0 0.843963
5343.0 0.844739
5343.0 0.844739
5344.0 0.845535
5345.0 0.845206
5345.0 0.845206
5346.0 0.845321
5347.0 0.845858
5348.0 0.845829
5348.0 0.845829
5349.0 0.845738
5350.0 0.84629
5350.0 0.84629
5351.0 0.843855
5352.0 0.846334
5353.0 0.845574
5353.0 0.845574
5354.0 0.844817
5355.0 0.846136
5355.0 0.846136
5356.0 0.845473
5357.0 0.844603
5357.0 0.844603
5358.0 0.84623
5359.0 0.843589
5360.0 0.845887
5360.0 0.845887
5361.0 0.844429
5362.0 0.843342
5362.0 0.843342
5363.0 0.843586
5364.0 0.844868
5365.0 0.845667
5365.0 0.845667
5366.0 0.845041
5367.0 0.845445
5367.0 0.845445
5368.0 0.846902
5369.0 0.843422
5369.0 0.843422
5370.0 0.844518
5371.0 0.845646
5372.0 0.843702
5372.0 0.843702
5373.0 0.843154
5374.0 0.842005
5374.0 0.842005
5375.0 0.842981
5376.0 0.842178
5376.0 0.842178
5377.0 0.841548
5378.0 0.840948
5379.0 0.840878
5379.0 0.840878
5380.0 0.843427
5381.0 0.840783
5381.0 0.840783
5382.0 0.840544
5383.0 0.842397
5383.0 0.842397
5384.0 0.840839
5385.0 0.84422
5386.0 0.84202
5386.0 0.84202
5387.0 0.843076
5388.0 0.839867
5388.0 0.839867
5389.0 0.839847
5390.0 0.841634
5390.0 0.841634
5391.0 0.838346
5392.0 0.842041
5393.0 0.841508
5393.0 0.841508
5394.0 0.842209
5395.0 0.841234
5395.0 0.841234
5396.0 0.840332
5397.0 0.839431
5397.0 0.839431
5398.0 0.838649
5399.0 0.839761
5399.0 0.839761
5400.0 0.839289
5401.0 0.838171
5402.0 0.83759
5402.0 0.83759
5403.0 0.838913
5404.0 0.836845
5404.0 0.836845
5405.0 0.835371
5406.0 0.836383
5406.0 0.836383
5407.0 0.835353
5408.0 0.836878
5409.0 0.833898
5409.0 0.833898
5410.0 0.834048
5411.0 0.833386
5411.0 0.833386
5412.0 0.83111
5413.0 0.832825
5413.0 0.832825
5414.0 0.832812
5415.0 0.829578
5415.0 0.829578
5416.0 0.828135
5417.0 0.827759
5418.0 0.829309
5418.0 0.829309
5419.0 0.827333
5420.0 0.82547
5420.0 0.82547
5421.0 0.825769
5422.0 0.825163
5422.0 0.825163
5423.0 0.824222
5424.0 0.823979
5424.0 0.823979
5425.0 0.822615
5426.0 0.821742
5427.0 0.820129
5427.0 0.820129
5428.0 0.822289
5429.0 0.819742
5429.0 0.819742
5430.0 0.819108
5431.0 0.818182
5431.0 0.818182
5432.0 0.816191
5433.0 0.815801
5433.0 0.815801
5434.0 0.814453
5435.0 0.814052
5436.0 0.812282
5436.0 0.812282
5437.0 0.809741
5438.0 0.809242
5438.0 0.809242
5439.0 0.807976
5440.0 0.803776
5440.0 0.803776
5441.0 0.802227
5442.0 0.799413
5442.0 0.799413
5443.0 0.797073
5444.0 0.793887
5445.0 0.788587
5445.0 0.788587
5446.0 0.781643
5447.0 0.776104
5447.0 0.776104
5448.0 0.769389
5449.0 0.762032
5449.0 0.762032
5450.0 0.75475
5451.0 0.741704
5451.0 0.741704
5452.0 0.731127
5453.0 0.718945
5453.0 0.718945
5454.0 0.704949
5455.0 0.688928
5455.0 0.688928
5456.0 0.675788
5457.0 0.662017
5458.0 0.642613
5458.0 0.642613
5459.0 0.623995
5460.0 0.603754
5460.0 0.603754
5461.0 0.582581
5462.0 0.558786
5462.0 0.558786
5463.0 0.535458
5464.0 0.511841
5464.0 0.511841
5465.0 0.488088
5466.0 0.463927
5466.0 0.463927
5467.0 0.440324
5468.0 0.415545
5468.0 0.415545
5469.0 0.393226
5470.0 0.377158
5471.0 0.35513
5471.0 0.35513
5472.0 0.331963
5473.0 0.31074
5473.0 0.31074
5474.0 0.290384
5475.0 0.270503
5475.0 0.270503
5476.0 0.251778
5477.0 0.233785
5477.0 0.233785
5478.0 0.21634
5479.0 0.201711
5479.0 0.201711
5480.0 0.187316
5481.0 0.173072
5481.0 0.173072
5482.0 0.160822
5483.0 0.148141
5483.0 0.148141
5484.0 0.137054
5485.0 0.129994
5486.0 0.120335
5486.0 0.120335
5487.0 0.111179
5488.0 0.103142
5488.0 0.103142
5489.0 0.095354
5490.0 0.0881299
5490.0 0.0881299
5491.0 0.0816605
5492.0 0.0755665
5492.0 0.0755665
5493.0 0.0701125
5494.0 0.0650711
5494.0 0.0650711
5495.0 0.0602848
5496.0 0.0560113
5496.0 0.0560113
5497.0 0.0519172
5498.0 0.0483594
5498.0 0.0483594
5499.0 0.0449613
5500.0 0.0419555
5500.0 0.0419555
5501.0 0.0390128
5502.0 0.0363252
5502.0 0.0363252
5503.0 0.0339378
5504.0 0.0323048
5505.0 0.03025
5505.0 0.03025
5506.0 0.0283208
5507.0 0.0265215
5507.0 0.0265215
5508.0 0.0249204
5509.0 0.0232532
5509.0 0.0232532
5510.0 0.0217882
5511.0 0.0204738
5511.0 0.0204738
5512.0 0.0192075
5513.0 0.0180785
5513.0 0.0180785
5514.0 0.0169748
5515.0 0.0160241
5515.0 0.0160241
5516.0 0.0151105
5517.0 0.0142664
5517.0 0.0142664
5518.0 0.0134549
5519.0 0.0127695
5519.0 0.0127695
5520.0 0.0120786
5521.0 0.0113827
5521.0 0.0113827
5522.0 0.0107341
5523.0 0.0101952
5523.0 0.0101952
5524.0 0.0096962
5525.0 0.00918501
5525.0 0.00918501
5526.0 0.00873365
5527.0 0.00824155
5527.0 0.00824155
5528.0 0.00793936
5529.0 0.00755644
5529.0 0.00755644
5530.0 0.00716163
5531.0 0.0068575
5531.0 0.0068575
5532.0 0.00658601
5533.0 0.00621471
5533.0 0.00621471
5534.0 0.0060077
5535.0 0.00571825
5535.0 0.00571825
5536.0 0.00551668
5537.0 0.00524199
5537.0 0.00524199
5538.0 0.00499629
5539.0 0.00475511
5539.0 0.00475511
5540.0 0.00455724
5541.0 0.00444242
5541.0 0.00444242
5542.0 0.00426689
5543.0 0.00409369
5543.0 0.00409369
5544.0 0.00392234
5545.0 0.00377345
5545.0 0.00377345
5546.0 0.00366712
5547.0 0.00351226
5547.0 0.00351226
5548.0 0.00335386
5549.0 0.00327108
5549.0 0.00327108
5550.0 0.00311361
5551.0 0.0030565
5551.0 0.0030565
5552.0 0.0029446
5553.0 0.00284226
5553.0 0.00284226
5554.0 0.00274779
5555.0 0.00267041
5555.0 0.00267041
5556.0 0.00257621
5557.0 0.00249221
5557.0 0.00249221
5558.0 0.00239865
5559.0 0.0023807
5559.0 0.0023807
5560.0 0.00236935
5561.0 0.00220471
5561.0 0.00220471
5562.0 0.00213291
5563.0 0.0020928
5563.0 0.0020928
5564.0 0.00215198
5565.0 0.00198799
5565.0 0.00198799
5566.0 0.00195564
5567.0 0.00193281
5567.0 0.00193281
5568.0 0.00186533
5569.0 0.00184199
5569.0 0.00184199
5570.0 0.00176483
5571.0 0.00174228
5571.0 0.00174228
5572.0 0.00161378
5573.0 0.00165366
5573.0 0.00165366
5574.0 0.0017022
5575.0 0.00158067
5575.0 0.00158067
5576.0 0.00154712
5577.0 0.00147901
5577.0 0.00147901
5578.0 0.00147781
5579.0 0.00143023
5579.0 0.00143023
5580.0 0.00137485
5581.0 0.00134343
5581.0 0.00134343
5582.0 0.00133979
5583.0 0.00135658
5583.0 0.00135658
5584.0 0.00128637
5585.0 0.00128627
5585.0 0.00128627
5586.0 0.00128147
5587.0 0.00124928
5587.0 0.00124928
5588.0 0.00119124
5588.0 0.00119124
5589.0 0.001169
5590.0 0.00116117
5590.0 0.00116117
5591.0 0.00114289
5592.0 0.00104917
5592.0 0.00104917
5593.0 0.00105144
5594.0 0.00108605
5594.0 0.00108605
5595.0 0.00108976
5596.0 0.00106721
5596.0 0.00106721
5597.0 0.00102341
5598.0 0.000992526
5598.0 0.000992526
5599.0 0.000997358
5600.0 0.000999013
5600.0 0.000999013
5601.0 0.000937283
5602.0 0.000946534
5602.0 0.000946534
5603.0 0.00089954
5604.0 0.000908778
5604.0 0.000908778
5605.0 0.000855765
5606.0 0.000885636
5606.0 0.000885636
5607.0 0.00086523
5607.0 0.00086523
5608.0 0.000821692
5609.0 0.0
5609.0 0.0
5610.0 0.0
5611.0 0.0
5611.0 0.0
5612.0 0.0
5613.0 0.0
5613.0 0.0
5614.0 0.0
5615.0 0.0
5615.0 0.0
5616.0 0.0
5617.0 0.0
5617.0 0.0
5618.0 0.0
5619.0 0.0
5619.0 0.0
5620.0 0.0
5620.0 0.0
5621.0 0.0
5622.0 0.0
5622.0 0.0
5623.0 0.0
5624.0 0.0
5624.0 0.0
5625.0 0.0
5626.0 0.0
5626.0 0.0
5627.0 0.0
5628.0 0.0
5628.0 0.0
5629.0 0.0
5630.0 0.0
5630.0 0.0
5631.0 0.0
5631.0 0.0
5632.0 0.0
5633.0 0.0
5633.0 0.0
5634.0 0.0
5635.0 0.0
5635.0 0.0
5636.0 0.0
5637.0 0.0
5637.0 0.0
5638.0 0.0
5639.0 0.0
5639.0 0.0
5640.0 0.0
5641.0 0.0
5641.0 0.0
5642.0 0.0
5642.0 0.0
5643.0 0.0
5644.0 0.0
5644.0 0.0
5645.0 0.0
5646.0 0.0
5646.0 0.0
5647.0 0.0
5648.0 0.0
5648.0 0.0
